ccpol8s
  256    nom    -number of molecules
  26     nsite   -numer of sites in a molecule
  1      npol    - number of pol centers per molecule
name          x(A)               y(A)                  z(A)            mass(amu)      q(e)            polarizability(au)
O        0.000000000000      0.000000000000      0.066429434844       15.9994000    0.2925741060000   0.00000000
H       -0.769239184444      0.000000000000     -0.527141698314       1.00797000    0.5606567040000   0.00000000
H        0.769239184444      0.000000000000     -0.527141698314       1.00797000    0.5606567040000   0.00000000
D1       0.000000000000     -0.109392157370     -0.130314571008       0.00000000   -0.7069437570000   0.00000000
D1       0.000000000000      0.109392157370     -0.130314571008       0.00000000   -0.7069437570000   0.00000000
N1       0.476259300000      0.028046381000      0.338673280000       0.00000000    0.00000000        0.00000000
N1      -0.476259300000      0.028046381000      0.338673280000       0.00000000    0.00000000        0.00000000
N1       0.476259300000     -0.028046381000      0.338673280000       0.00000000    0.00000000        0.00000000 
N1      -0.476259300000     -0.028046381000      0.338673280000       0.00000000    0.00000000        0.00000000 
N2       0.682638330000      0.074084780000     -0.481551070000       0.00000000    0.00000000        0.00000000
N2      -0.682638330000      0.074084780000     -0.481551070000       0.00000000    0.00000000        0.00000000
N2       0.682638330000     -0.074084780000     -0.481551070000       0.00000000    0.00000000        0.00000000  
N2      -0.682638330000     -0.074084780000     -0.481551070000       0.00000000    0.00000000        0.00000000
N3       0.296339120000      0.127002480000     -0.254004960000       0.00000000    0.00000000        0.00000000
N3      -0.296339120000      0.127002480000     -0.254004960000       0.00000000    0.00000000        0.00000000
N3       0.296339120000     -0.127002480000     -0.254004960000       0.00000000    0.00000000        0.00000000
N3      -0.296339120000     -0.127002480000     -0.254004960000       0.00000000    0.00000000        0.00000000
N4       0.481551070000      0.111127170000     -0.359840360000       0.00000000    0.00000000        0.00000000
N4      -0.481551070000      0.111127170000     -0.359840360000       0.00000000    0.00000000        0.00000000
N4       0.481551070000     -0.111127170000     -0.359840360000       0.00000000    0.00000000        0.00000000
N4      -0.481551070000     -0.111127170000     -0.359840360000       0.00000000    0.00000000        0.00000000
N5       0.783181960000      0.137586020000     -0.328089740000       0.00000000    0.00000000        0.00000000
N5      -0.783181960000      0.137586020000     -0.328089740000       0.00000000    0.00000000        0.00000000
N5       0.783181960000     -0.137586020000     -0.328089740000       0.00000000    0.00000000        0.00000000
N5      -0.783181960000     -0.137586020000     -0.328089740000       0.00000000    0.00000000        0.00000000
p1       0.000000000000      0.000000000000     -0.128261000000       0.00000000    0.00000000        9.92200000
vdw parameters
36
a  b         beta             c0=e^(alpha)        c1=a1*e^(alpha)     c2=a2*e^(alpha)    c3=a3*e^(alpha)         C6                   C8                   C10                   d1                 d6                  d8                 d10
O  O   3.940981979094e+00 -1.111533973302e+06  1.879326019989e+06 -1.080541529637e+06  2.545742899310e+05 -8.254693034894e+01  2.188976869942e+04 -2.392007624575e+05  6.065892855143e+00  4.049488599011e-02  1.397791292345e+00  6.353979911247e-02  0.2925741060000     0.2925741060000
O  H   2.239817333869e+00  1.086746371073e+04 -1.529782726985e+04  5.570102924171e+03 -9.696404061068e+02  1.527478527538e+02 -3.766967129847e+03  4.872912860850e+04  1.886249076380e+01  4.240321099604e+00  1.889726877774e-03  4.359451488683e+00  0.2925741060000     0.5606567040000
O  D1  2.010968971749e+00  1.195911239902e+04 -2.451420445301e+04  9.014480284594e+03 -6.017181627850e+02  0.000000000000e+00  0.000000000000e+00  0.000000000000e+00  1.482243329629e+00  0.000000000000e+00  0.000000000000e+00  0.000000000000e+00  0.2925741060000    -0.7069437570000
O  N1  1.871057447901e+00 -2.050592635712e+02 -9.246420102592e+01 -1.632842567876e+01 -7.065315303740e+00  0.000000000000e+00  0.000000000000e+00  0.000000000000e+00  0.000000000000e+00  0.000000000000e+00  0.000000000000e+00  0.000000000000e+00  0.2925741060000     0.000000000000e+00
O  N2  3.415694302846e+00 -3.915439371818e+03 -1.228369791630e+03  1.399193096628e+04 -1.797267365412e+03  0.000000000000e+00  0.000000000000e+00  0.000000000000e+00  0.000000000000e+00  0.000000000000e+00  0.000000000000e+00  0.000000000000e+00  0.2925741060000     0.000000000000e+00
O  N3  3.564530667306e+00  4.042100502272e+04 -8.555683133012e+04  6.715132699223e+04 -2.739542386485e+03  0.000000000000e+00  0.000000000000e+00  0.000000000000e+00  0.000000000000e+00  0.000000000000e+00  0.000000000000e+00  0.000000000000e+00  0.2925741060000     0.000000000000e+00
O  N4  4.443126112265e+00  1.590404547220e+05 -3.543234514037e+05  3.108022089833e+05 -1.377857643456e+05  0.000000000000e+00  0.000000000000e+00  0.000000000000e+00  0.000000000000e+00  0.000000000000e+00  0.000000000000e+00  0.000000000000e+00  0.2925741060000     0.000000000000e+00
O  N5  4.520772065024e+00 -7.758060037671e+03  1.749479598765e+04 -1.310867262976e+04  4.506062926960e+03  0.000000000000e+00  0.000000000000e+00  0.000000000000e+00  0.000000000000e+00  0.000000000000e+00  0.000000000000e+00  0.000000000000e+00  0.2925741060000     0.000000000000e+00
H  H   3.439236464555e+00 -4.081802241368e+03 -1.282224837466e+04 -1.139377888718e+03 -5.687064173599e+03  3.008095227379e+01 -4.417121912440e+02  3.694913863842e+03  3.390146912458e+00  3.779453755549e+00  8.565223024360e-02  1.938866068161e+00  0.5606567040000     0.5606567040000
H  D1  2.725657967393e+00 -1.952911417852e+04  2.781828481597e+04 -1.238611533118e+04  2.783509031177e+03  0.000000000000e+00  0.000000000000e+00  0.000000000000e+00  1.889726877774e+00  0.000000000000e+00  0.000000000000e+00  0.000000000000e+00  0.5606567040000    -0.7069437570000
H  N1  1.893563806229e+00  2.447317191985e+01  2.670648472998e+02 -1.754617546002e+02  1.873331274818e+01  0.000000000000e+00  0.000000000000e+00  0.000000000000e+00  0.000000000000e+00  0.000000000000e+00  0.000000000000e+00  0.000000000000e+00  0.5606567040000     0.000000000000e+00
H  N2  1.897174233682e+00  6.631707409575e+03 -1.079388093916e+03 -3.653551154729e+02  1.053096243940e+02  0.000000000000e+00  0.000000000000e+00  0.000000000000e+00  0.000000000000e+00  0.000000000000e+00  0.000000000000e+00  0.000000000000e+00  0.5606567040000     0.000000000000e+00
H  N3  2.909063891745e+00  1.690048177248e+04 -1.621636482136e+04  1.021188155931e+04 -5.547141612665e+03  0.000000000000e+00  0.000000000000e+00  0.000000000000e+00  0.000000000000e+00  0.000000000000e+00  0.000000000000e+00  0.000000000000e+00  0.5606567040000     0.000000000000e+00
H  N4  1.906353680156e+00 -9.938977786326e+03  6.183885394616e+03 -2.795855793828e+02 -1.117939610469e+02  0.000000000000e+00  0.000000000000e+00  0.000000000000e+00  0.000000000000e+00  0.000000000000e+00  0.000000000000e+00  0.000000000000e+00  0.5606567040000     0.000000000000e+00
H  N5  3.039946738862e+00  5.914296226065e+02 -1.019338830104e+03  9.259545995648e+02 -2.550963809289e+02  0.000000000000e+00  0.000000000000e+00  0.000000000000e+00  0.000000000000e+00  0.000000000000e+00  0.000000000000e+00  0.000000000000e+00  0.5606567040000     0.000000000000e+00
D1 D1  2.115149721883e+00 -1.393734581149e+04  5.177604090353e+04 -2.353408232533e+04  3.203182328102e+03  0.000000000000e+00  0.000000000000e+00  0.000000000000e+00  1.534424535886e+01  0.000000000000e+00  0.000000000000e+00  0.000000000000e+00  -0.7069437570000   -0.7069437570000
D1 N1  1.857864426127e+00  8.573087339011e+01 -6.607632473067e+01  1.277684847976e+02 -6.124553959948e+01  0.000000000000e+00  0.000000000000e+00  0.000000000000e+00  0.000000000000e+00  0.000000000000e+00  0.000000000000e+00  0.000000000000e+00  -0.7069437570000    0.000000000000e+00
D1 N2  4.580762542724e+00  7.899211900738e+04 -1.364626671838e+05  1.240168997849e+05 -7.593271817770e+04  0.000000000000e+00  0.000000000000e+00  0.000000000000e+00  0.000000000000e+00  0.000000000000e+00  0.000000000000e+00  0.000000000000e+00  -0.7069437570000    0.000000000000e+00
D1 N3  2.368883447347e+00  3.205434724532e+04 -7.668463223884e+04  3.543731546589e+04 -5.479610856537e+03  0.000000000000e+00  0.000000000000e+00  0.000000000000e+00  0.000000000000e+00  0.000000000000e+00  0.000000000000e+00  0.000000000000e+00  -0.7069437570000    0.000000000000e+00
D1 N4  3.473782594262e+00 -1.487766331654e+04 -2.167471077811e+04  8.145535390012e+04 -2.206643979179e+04  0.000000000000e+00  0.000000000000e+00  0.000000000000e+00  0.000000000000e+00  0.000000000000e+00  0.000000000000e+00  0.000000000000e+00  -0.7069437570000    0.000000000000e+00
D1 N5  3.882966590135e+00 -2.976815693365e+03  6.986975925190e+03 -6.482116734823e+03  1.482856508337e+03  0.000000000000e+00  0.000000000000e+00  0.000000000000e+00  0.000000000000e+00  0.000000000000e+00  0.000000000000e+00  0.000000000000e+00  -0.7069437570000    0.000000000000e+00
N1 N1  1.512170844048e+00  1.646048081839e+01  1.705570080561e+00  3.291192567603e+00  6.818196160336e-01  0.000000000000e+00  0.000000000000e+00  0.000000000000e+00  0.000000000000e+00  0.000000000000e+00  0.000000000000e+00  0.000000000000e+00  0.000000000000e+00  0.000000000000e+00
N1 N2  2.246861888247e+00  7.198981711423e+01 -3.652308809924e+02  1.637568382540e+02  2.022688856117e+01  0.000000000000e+00  0.000000000000e+00  0.000000000000e+00  0.000000000000e+00  0.000000000000e+00  0.000000000000e+00  0.000000000000e+00  0.000000000000e+00  0.000000000000e+00
N1 N3  3.672826502892e+00  6.888148922662e+02 -1.461701306990e+03  8.010970241321e+02 -5.871178716862e+02  0.000000000000e+00  0.000000000000e+00  0.000000000000e+00  0.000000000000e+00  0.000000000000e+00  0.000000000000e+00  0.000000000000e+00  0.000000000000e+00  0.000000000000e+00
N1 N4  2.015104535010e+00 -2.235262627188e+02  6.625308574750e+02 -4.052255070485e+02  7.573758316753e+01  0.000000000000e+00  0.000000000000e+00  0.000000000000e+00  0.000000000000e+00  0.000000000000e+00  0.000000000000e+00  0.000000000000e+00  0.000000000000e+00  0.000000000000e+00
N1 N5  2.879913029992e+00 -1.856802519185e+01  4.095153656496e+01 -4.578116494703e+01  1.608797777769e+01  0.000000000000e+00  0.000000000000e+00  0.000000000000e+00  0.000000000000e+00  0.000000000000e+00  0.000000000000e+00  0.000000000000e+00  0.000000000000e+00  0.000000000000e+00
N2 N2  2.473884374901e+00 -7.148418211659e+03 -3.010120337733e+03  1.073278278093e+03 -6.954583927145e+02  0.000000000000e+00  0.000000000000e+00  0.000000000000e+00  0.000000000000e+00  0.000000000000e+00  0.000000000000e+00  0.000000000000e+00  0.000000000000e+00  0.000000000000e+00
N2 N3  3.117327429427e+00 -2.102679049838e+04  2.163726872655e+04 -9.337921479029e+03  4.061375005399e+03  0.000000000000e+00  0.000000000000e+00  0.000000000000e+00  0.000000000000e+00  0.000000000000e+00  0.000000000000e+00  0.000000000000e+00  0.000000000000e+00  0.000000000000e+00
N2 N4  4.294830652825e+00  1.009118986341e+04  2.407663786236e+04  2.510078884293e+03  9.880460687103e+03  0.000000000000e+00  0.000000000000e+00  0.000000000000e+00  0.000000000000e+00  0.000000000000e+00  0.000000000000e+00  0.000000000000e+00  0.000000000000e+00  0.000000000000e+00
N2 N5  4.407747396954e+00  1.271499244604e+02 -2.316661332455e+03  3.182579736148e+03 -1.729431597575e+03  0.000000000000e+00  0.000000000000e+00  0.000000000000e+00  0.000000000000e+00  0.000000000000e+00  0.000000000000e+00  0.000000000000e+00  0.000000000000e+00  0.000000000000e+00
N3 N3  2.432502831036e+00 -3.006806825098e+04  6.246881310842e+04 -2.808190674773e+04  4.285564644282e+03  0.000000000000e+00  0.000000000000e+00  0.000000000000e+00  0.000000000000e+00  0.000000000000e+00  0.000000000000e+00  0.000000000000e+00  0.000000000000e+00  0.000000000000e+00
N3 N4  3.251192288246e+00  3.314703903448e+04 -3.243656988942e+04 -7.549085515335e+03  2.830486088088e+03  0.000000000000e+00  0.000000000000e+00  0.000000000000e+00  0.000000000000e+00  0.000000000000e+00  0.000000000000e+00  0.000000000000e+00  0.000000000000e+00  0.000000000000e+00
N3 N5  3.377508792308e+00 -8.758581962167e+02  1.469451517393e+03 -3.412380459776e+02  5.377202925157e+00  0.000000000000e+00  0.000000000000e+00  0.000000000000e+00  0.000000000000e+00  0.000000000000e+00  0.000000000000e+00  0.000000000000e+00  0.000000000000e+00  0.000000000000e+00
N4 N4  2.764787046895e+00 -2.568910031483e+04  2.518206933891e+04 -6.119382918530e+03  2.589966574860e+01  0.000000000000e+00  0.000000000000e+00  0.000000000000e+00  0.000000000000e+00  0.000000000000e+00  0.000000000000e+00  0.000000000000e+00  0.000000000000e+00  0.000000000000e+00
N4 N5  4.663850037447e+00 -1.051156119693e+03  5.081071998945e+03 -5.508765032094e+03  1.543291690292e+03  0.000000000000e+00  0.000000000000e+00  0.000000000000e+00  0.000000000000e+00  0.000000000000e+00  0.000000000000e+00  0.000000000000e+00  0.000000000000e+00  0.000000000000e+00
N5 N5  8.001024616786e+00  9.349085311881e+03 -3.943467322575e+04  5.170244295808e+04 -2.250963660888e+04  0.000000000000e+00  0.000000000000e+00  0.000000000000e+00  0.000000000000e+00  0.000000000000e+00  0.000000000000e+00  0.000000000000e+00  0.000000000000e+00  0.000000000000e+00
