ccpol8s_omo
  256    nom    -number of molecules
  26     nsite   -numer of sites in a molecule
  1      npol    - number of pol centers per molecule
name          x(A)               y(A)                  z(A)            mass(amu)      q(e)            polarizability(au)
O        0.000000000000      0.000000000000      0.066429434844       15.9994000    0.2925741060000   0.00000000
H       -0.769239184444      0.000000000000     -0.527141698314       1.00797000    0.5606567040000   0.00000000
H        0.769239184444      0.000000000000     -0.527141698314       1.00797000    0.5606567040000   0.00000000
D1       0.000000000000     -0.109392157370     -0.130314571008       0.00000000   -0.7069437570000   0.00000000
D1       0.000000000000      0.109392157370     -0.130314571008       0.00000000   -0.7069437570000   0.00000000
N1       0.476259300000      0.028046381000      0.338673280000       0.00000000    0.00000000        0.00000000
N1      -0.476259300000      0.028046381000      0.338673280000       0.00000000    0.00000000        0.00000000
N1       0.476259300000     -0.028046381000      0.338673280000       0.00000000    0.00000000        0.00000000
N1      -0.476259300000     -0.028046381000      0.338673280000       0.00000000    0.00000000        0.00000000
N2       0.682638330000      0.074084780000     -0.481551070000       0.00000000    0.00000000        0.00000000
N2      -0.682638330000      0.074084780000     -0.481551070000       0.00000000    0.00000000        0.00000000
N2       0.682638330000     -0.074084780000     -0.481551070000       0.00000000    0.00000000        0.00000000
N2      -0.682638330000     -0.074084780000     -0.481551070000       0.00000000    0.00000000        0.00000000
N3       0.296339120000      0.127002480000     -0.254004960000       0.00000000    0.00000000        0.00000000
N3      -0.296339120000      0.127002480000     -0.254004960000       0.00000000    0.00000000        0.00000000
N3       0.296339120000     -0.127002480000     -0.254004960000       0.00000000    0.00000000        0.00000000
N3      -0.296339120000     -0.127002480000     -0.254004960000       0.00000000    0.00000000        0.00000000
N4       0.481551070000      0.111127170000     -0.359840360000       0.00000000    0.00000000        0.00000000
N4      -0.481551070000      0.111127170000     -0.359840360000       0.00000000    0.00000000        0.00000000
N4       0.481551070000     -0.111127170000     -0.359840360000       0.00000000    0.00000000        0.00000000
N4      -0.481551070000     -0.111127170000     -0.359840360000       0.00000000    0.00000000        0.00000000
N5       0.783181960000      0.137586020000     -0.328089740000       0.00000000    0.00000000        0.00000000
N5      -0.783181960000      0.137586020000     -0.328089740000       0.00000000    0.00000000        0.00000000
N5       0.783181960000     -0.137586020000     -0.328089740000       0.00000000    0.00000000        0.00000000
N5      -0.783181960000     -0.137586020000     -0.328089740000       0.00000000    0.00000000        0.00000000
p1       0.000000000000      0.000000000000     -0.128261000000       0.00000000    0.00000000        9.62780000
vdw parameters
36
a   b           A0                     A1                  A2                beta                   c6                  c8                  d            
O   O    2.698809000000E+04   -2.934923000000E+04   1.172789000000E+04   2.605240000000E+00  -3.460536570000E+02  -1.830362349070E+03  3.159320000000E+00
O   H    2.623460000000E+03   -1.064292000000E+03  -5.896987000000E+02   2.399360000000E+00  -6.370604165000E+01  -5.293709971000E+02  5.538560000000E+00
O   D1   7.378803000000E+03    9.728085000000E+03  -6.337525000000E+03   2.691080000000E+00   0.000000000000E+00   0.000000000000E+00  0.000000000000E+00
O   N1  -7.755805000000E+01   -1.850686000000E+01  -7.746972000000E+01   1.780930000000E+00   0.000000000000E+00   0.000000000000E+00  0.000000000000E+00
O   N2   4.396625000000E+03   -8.700981000000E+03   3.963753000000E+03   3.110090000000E+00   0.000000000000E+00   0.000000000000E+00  0.000000000000E+00
O   N3  -6.638204000000E+05    1.049643000000E+06  -5.185985000000E+05   5.169700000000E+00   0.000000000000E+00   0.000000000000E+00  0.000000000000E+00
O   N4   4.508312000000E+05   -7.858497000000E+05   4.130236000000E+05   5.491880000000E+00   0.000000000000E+00   0.000000000000E+00  0.000000000000E+00
O   N5  -8.269605000000E+03    1.152517000000E+04  -2.661850000000E+03   5.487500000000E+00   0.000000000000E+00   0.000000000000E+00  0.000000000000E+00
H   H    6.690497000000E+02   -5.710170000000E+03  -6.914718000000E+02   3.582090000000E+00  -1.137224240000E+01  -4.591158426000E+01  7.008990000000E+00
H   D1  -8.168092000000E+02    4.273859000000E+02  -9.946095000000E+01   1.410680000000E+00   0.000000000000E+00   0.000000000000E+00  0.000000000000E+00
H   N1   4.993862000000E+01   -9.136578000000E+00   2.716744000000E+00   1.215460000000E+00   0.000000000000E+00   0.000000000000E+00  0.000000000000E+00
H   N2   1.930361000000E+03   -1.041770000000E+03   1.460729000000E+02   1.618640000000E+00   0.000000000000E+00   0.000000000000E+00  0.000000000000E+00
H   N3   1.070121000000E+03    2.723221000000E+03  -3.035401000000E+03   2.537110000000E+00   0.000000000000E+00   0.000000000000E+00  0.000000000000E+00
H   N4  -2.119752000000E+03   -1.426305000000E+03   2.013143000000E+03   2.444150000000E+00   0.000000000000E+00   0.000000000000E+00  0.000000000000E+00
H   N5   2.023314000000E+02   -1.477712000000E+02   3.030952000000E+01   2.877540000000E+00   0.000000000000E+00   0.000000000000E+00  0.000000000000E+00
D1  D1   1.249912000000E+03    2.105536000000E+02  -1.372403000000E+01   1.264520000000E+00   0.000000000000E+00   0.000000000000E+00  0.000000000000E+00
D1  N1  -3.764023000000E+02    2.618984000000E+02  -4.799170000000E+01   1.508240000000E+00   0.000000000000E+00   0.000000000000E+00  0.000000000000E+00
D1  N2  -5.965255000000E+03    1.343520000000E+04  -1.732758000000E+04   4.368230000000E+00   0.000000000000E+00   0.000000000000E+00  0.000000000000E+00
D1  N3  -7.014974000000E+03    3.677302000000E+03  -8.462029000000E+02   1.931540000000E+00   0.000000000000E+00   0.000000000000E+00  0.000000000000E+00
D1  N4   5.914862000000E+04   -9.913156000000E+04   8.224870000000E+04   4.340810000000E+00   0.000000000000E+00   0.000000000000E+00  0.000000000000E+00
D1  N5   7.608122000000E+02   -1.617660000000E+03   6.988929000000E+02   3.053230000000E+00   0.000000000000E+00   0.000000000000E+00  0.000000000000E+00
N1  N1   1.418615000000E+01    9.557284000000E-01   5.812564000000E+00   1.543470000000E+00   0.000000000000E+00   0.000000000000E+00  0.000000000000E+00
N1  N2   2.151633000000E+01   -2.697625000000E+01   2.913881000000E+00   1.954250000000E+00   0.000000000000E+00   0.000000000000E+00  0.000000000000E+00
N1  N3   3.378406000000E+02    1.894745000000E+02   2.708423000000E+02   3.296810000000E+00   0.000000000000E+00   0.000000000000E+00  0.000000000000E+00
N1  N4  -1.685302000000E+02   -7.359417000000E+01   2.567625000000E+01   2.554140000000E+00   0.000000000000E+00   0.000000000000E+00  0.000000000000E+00
N1  N5  -7.070496000000E-01   -2.094717000000E-01  -3.993398000000E-01   2.248810000000E+00   0.000000000000E+00   0.000000000000E+00  0.000000000000E+00
N2  N2  -2.271195000000E+03    3.046710000000E+02  -1.473222000000E+03   2.692480000000E+00   0.000000000000E+00   0.000000000000E+00  0.000000000000E+00
N2  N3  -5.139642000000E+02    1.446452000000E+03   7.721466000000E+01   2.141820000000E+00   0.000000000000E+00   0.000000000000E+00  0.000000000000E+00
N2  N4   3.277181000000E+03    3.820484000000E+02   2.806022000000E+03   4.230060000000E+00   0.000000000000E+00   0.000000000000E+00  0.000000000000E+00
N2  N5   5.575229000000E+02   -3.362919000000E+03   2.355606000000E+03   6.012600000000E+00   0.000000000000E+00   0.000000000000E+00  0.000000000000E+00
N3  N3   7.141291000000E+03    5.310813000000E+03   1.686491000000E+03   3.093730000000E+00   0.000000000000E+00   0.000000000000E+00  0.000000000000E+00
N3  N4  -2.510007000000E+03   -2.919264000000E+03  -1.146018000000E+04   3.626110000000E+00   0.000000000000E+00   0.000000000000E+00  0.000000000000E+00
N3  N5  -1.153362000000E+03    2.081352000000E+03  -7.255663000000E+02   3.375940000000E+00   0.000000000000E+00   0.000000000000E+00  0.000000000000E+00
N4  N4  -4.405037000000E+03    1.039461000000E+04  -4.085811000000E+03   2.580960000000E+00   0.000000000000E+00   0.000000000000E+00  0.000000000000E+00
N4  N5  -2.052399000000E+03    7.366537000000E+03  -6.213141000000E+03   5.212170000000E+00   0.000000000000E+00   0.000000000000E+00  0.000000000000E+00
N5  N5  -9.275785000000E+02    4.014966000000E+03  -4.333452000000E+03   8.139920000000E+00   0.000000000000E+00   0.000000000000E+00  0.000000000000E+00
