ccpo23plus
  256    nom    -number of molecules
  31     nsite   -numer of sites in a molecule
  3      npol    - number of pol centers in a mol
name          x(A)               y(A)                  z(A)          mass(amu)        q(e)       polarizability(au)
O        0.000000000000      0.000000000000      0.066429466102     15.9994000   0.292574106000  0.000000000000
H       -0.769239546404      0.000000000000     -0.527141946357     1.00797000   0.560656704000  0.000000000000
H        0.769239546404      0.000000000000     -0.527141946357     1.00797000   0.560656704000  0.000000000000
D1       0.000000000000     -0.109392208844     -0.130314632327     0.00000000  -0.706943757000  0.000000000000
D1       0.000000000000      0.109392208844     -0.130314632327     0.00000000  -0.706943757000  0.000000000000
N1       0.476259524100      0.028046394197      0.338673439360     0.00000000   0.000000000000  0.000000000000
N1      -0.476259524100      0.028046394197      0.338673439360     0.00000000   0.000000000000  0.000000000000
N1       0.476259524100     -0.028046394197      0.338673439360     0.00000000   0.000000000000  0.000000000000
N1      -0.476259524100     -0.028046394197      0.338673439360     0.00000000   0.000000000000  0.000000000000
N2       0.682638651210      0.074084814860     -0.481551296590     0.00000000   0.000000000000  0.000000000000
N2      -0.682638651210      0.074084814860     -0.481551296590     0.00000000   0.000000000000  0.000000000000
N2       0.682638651210     -0.074084814860     -0.481551296590     0.00000000   0.000000000000  0.000000000000
N2      -0.682638651210     -0.074084814860     -0.481551296590     0.00000000   0.000000000000  0.000000000000
N3       0.296339259440      0.127002539760     -0.254005079520     0.00000000   0.000000000000  0.000000000000
N3      -0.296339259440      0.127002539760     -0.254005079520     0.00000000   0.000000000000  0.000000000000
N3       0.296339259440     -0.127002539760     -0.254005079520     0.00000000   0.000000000000  0.000000000000
N3      -0.296339259440     -0.127002539760     -0.254005079520     0.00000000   0.000000000000  0.000000000000
N4       0.481551296590      0.111127222290     -0.359840529320     0.00000000   0.000000000000  0.000000000000
N4      -0.481551296590      0.111127222290     -0.359840529320     0.00000000   0.000000000000  0.000000000000
N4       0.481551296590     -0.111127222290     -0.359840529320     0.00000000   0.000000000000  0.000000000000
N4      -0.481551296590     -0.111127222290     -0.359840529320     0.00000000   0.000000000000  0.000000000000
N5       0.783182328520      0.137586084740     -0.328089894380     0.00000000   0.000000000000  0.000000000000
N5      -0.783182328520      0.137586084740     -0.328089894380     0.00000000   0.000000000000  0.000000000000
N5       0.783182328520     -0.137586084740     -0.328089894380     0.00000000   0.000000000000  0.000000000000
N5      -0.783182328520     -0.137586084740     -0.328089894380     0.00000000   0.000000000000  0.000000000000
OC       0.000000000000      0.000000000000      0.066429466102     0.00000000  -4.000000000000  6.518600000000
OS       0.000000000000      0.000000000000      0.066429466102     0.00000000   4.000000000000  0.000000000000
HC1     -0.769239546404      0.000000000000     -0.527141946357     0.00000000  -4.000000000000  1.550700000000
HS1     -0.769239546404      0.000000000000     -0.527141946357     0.00000000   4.000000000000  0.000000000000
HC2      0.769239546404      0.000000000000     -0.527141946357     0.00000000  -4.000000000000  1.550700000000
HS2      0.769239546404      0.000000000000     -0.527141946357     0.00000000   4.000000000000  0.000000000000
vdw parameters
36
a  b         beta             c0=e^(alpha)      c1=a1*e^(alpha)     c2=a2*e^(alpha)       c3=a3*e^(alpha)          C6                  C8                  C10                 d1                 d6                  d8                 d10                   qa                  qb
O  O   2.614105679009e+00 -1.976823783166e+03  4.000929515547e+03 -5.189177486399e+03  4.288141621645e+02 -8.254693034894e+01  2.188976869942e+04 -2.392007624576e+05  2.557652531787e+00  1.889726877774e-02  2.571822297728e+00  2.599230596572e+00  2.925741060000e-01  2.925741060000e-01
O  H   3.450264830582e+00  6.188527980284e+03  8.365131172701e+03  4.920946379778e+03  6.081056879436e+03  1.527478527538e+02 -3.766967129847e+03  4.872912860850e+04  4.049946938999e+00  3.346738950495e+00  1.889726877774e-03  1.079843428413e+00  2.925741060000e-01  5.606567040000e-01
O  D1  2.072553470381e+00  3.566713873762e+04 -2.892055303311e+04  1.199384410345e+04 -2.451772629732e+03  0.000000000000e+00  0.000000000000e+00  0.000000000000e+00  1.175778100610e+00  0.000000000000e+00  0.000000000000e+00  0.000000000000e+00  2.925741060000e-01 -7.069437570000e-01
O  N1  1.512760835595e+00  1.023713396999e+02 -2.327215865808e+02  1.032705995523e+02 -6.487051551978e+00  0.000000000000e+00  0.000000000000e+00  0.000000000000e+00  0.000000000000e+00  0.000000000000e+00  0.000000000000e+00  0.000000000000e+00  2.925741060000e-01  0.000000000000e+00
O  N2  3.370478772715e+00 -5.161859383502e+03 -1.046901114560e+04 -5.242423996253e+03 -4.241151591143e+03  0.000000000000e+00  0.000000000000e+00  0.000000000000e+00  0.000000000000e+00  0.000000000000e+00  0.000000000000e+00  0.000000000000e+00  2.925741060000e-01  0.000000000000e+00
O  N3  4.191746370853e+00  1.301819834475e+05 -3.491015339295e+05  2.129494070839e+05 -9.643372513753e+04  0.000000000000e+00  0.000000000000e+00  0.000000000000e+00  0.000000000000e+00  0.000000000000e+00  0.000000000000e+00  0.000000000000e+00  2.925741060000e-01  0.000000000000e+00
O  N4  2.020154229239e+00  1.165426596484e+04  2.470516683084e+03 -4.761577649191e+03  1.240319794881e+03  0.000000000000e+00  0.000000000000e+00  0.000000000000e+00  0.000000000000e+00  0.000000000000e+00  0.000000000000e+00  0.000000000000e+00  2.925741060000e-01  0.000000000000e+00
O  N5  2.547227840091e+00  1.926175781932e+02 -3.504743294804e+02  1.792942875132e+02  5.346314914711e+01  0.000000000000e+00  0.000000000000e+00  0.000000000000e+00  0.000000000000e+00  0.000000000000e+00  0.000000000000e+00  0.000000000000e+00  2.925741060000e-01  0.000000000000e+00
H  H   3.455810538110e+00 -1.255629025045e+03 -1.056085919349e+04  5.713972418174e+03 -2.874362908822e+03  3.008095227379e+01 -4.417121912442e+02  3.694913863842e+03  5.746524779368e+00  9.220488888967e-01  1.442342612465e+00  3.307516954578e+00  5.606567040000e-01  5.606567040000e-01
H  D1  1.996585877968e+00 -1.152098306870e+04 -5.639040604549e+03  1.146065095117e+03 -4.627715519490e+02  0.000000000000e+00  0.000000000000e+00  0.000000000000e+00  2.016495515512e+00  0.000000000000e+00  0.000000000000e+00  0.000000000000e+00  5.606567040000e-01 -7.069437570000e-01
H  N1  4.467162262890e+00 -5.371749024860e+02  1.926651427471e+03 -2.883514835820e+03  1.350249086957e+03  0.000000000000e+00  0.000000000000e+00  0.000000000000e+00  0.000000000000e+00  0.000000000000e+00  0.000000000000e+00  0.000000000000e+00  5.606567040000e-01  0.000000000000e+00
H  N2  2.851302804539e+00  3.910113316408e+03  4.294166874434e+03 -1.283214357279e+03  3.905835371866e+02  0.000000000000e+00  0.000000000000e+00  0.000000000000e+00  0.000000000000e+00  0.000000000000e+00  0.000000000000e+00  0.000000000000e+00  5.606567040000e-01  0.000000000000e+00
H  N3  2.803763339768e+00  6.985253826963e+03  1.707598768148e+04  3.964783796483e+02  1.040739469513e+02  0.000000000000e+00  0.000000000000e+00  0.000000000000e+00  0.000000000000e+00  0.000000000000e+00  0.000000000000e+00  0.000000000000e+00  5.606567040000e-01  0.000000000000e+00
H  N4  2.334374737158e+00 -6.339324720251e+03 -7.644950939056e+03  4.699069248883e+03 -4.280859588568e+01  0.000000000000e+00  0.000000000000e+00  0.000000000000e+00  0.000000000000e+00  0.000000000000e+00  0.000000000000e+00  0.000000000000e+00  5.606567040000e-01  0.000000000000e+00
H  N5  4.503354837394e+00  5.463409371077e+02 -9.935135162550e+02  1.044734560915e+03  1.246714687002e+02  0.000000000000e+00  0.000000000000e+00  0.000000000000e+00  0.000000000000e+00  0.000000000000e+00  0.000000000000e+00  0.000000000000e+00  5.606567040000e-01  0.000000000000e+00
D1 D1  2.060704587614e+00 -7.965072504461e+04  8.572210467630e+04 -4.356148682680e+04  8.930672315225e+03  0.000000000000e+00  0.000000000000e+00  0.000000000000e+00  6.610830331484e+00  0.000000000000e+00  0.000000000000e+00  0.000000000000e+00 -7.069437570000e-01 -7.069437570000e-01
D1 N1  1.845202360554e+00 -6.255077512206e+02  3.744982108021e+02  1.021465189925e+02 -6.284840850015e+01  0.000000000000e+00  0.000000000000e+00  0.000000000000e+00  0.000000000000e+00  0.000000000000e+00  0.000000000000e+00  0.000000000000e+00 -7.069437570000e-01  0.000000000000e+00
D1 N2  2.321538620804e+00  1.368314590059e+04  5.710552630163e+03  1.483493082477e+03  7.476137439995e+02  0.000000000000e+00  0.000000000000e+00  0.000000000000e+00  0.000000000000e+00  0.000000000000e+00  0.000000000000e+00  0.000000000000e+00 -7.069437570000e-01  0.000000000000e+00
D1 N3  2.079247394371e+00  5.006468559575e+04 -4.153169054452e+04  2.000331836503e+04 -3.494572014136e+03  0.000000000000e+00  0.000000000000e+00  0.000000000000e+00  0.000000000000e+00  0.000000000000e+00  0.000000000000e+00  0.000000000000e+00 -7.069437570000e-01  0.000000000000e+00
D1 N4  2.069220581746e+00 -3.085367913325e+04  1.509202636076e+04 -7.395013031253e+03  8.216705581779e+02  0.000000000000e+00  0.000000000000e+00  0.000000000000e+00  0.000000000000e+00  0.000000000000e+00  0.000000000000e+00  0.000000000000e+00 -7.069437570000e-01  0.000000000000e+00
D1 N5  3.727658626254e+00 -1.438732634036e+03  3.106472108033e+03 -1.493688691684e+03  2.559866577291e+02  0.000000000000e+00  0.000000000000e+00  0.000000000000e+00  0.000000000000e+00  0.000000000000e+00  0.000000000000e+00  0.000000000000e+00 -7.069437570000e-01  0.000000000000e+00
N1 N1  3.124722364188e+00 -8.423209620162e+00  6.713734583957e+01 -3.916520101438e+01  3.280351986034e+01  0.000000000000e+00  0.000000000000e+00  0.000000000000e+00  0.000000000000e+00  0.000000000000e+00  0.000000000000e+00  0.000000000000e+00  0.000000000000e+00  0.000000000000e+00
N1 N2  4.650033037679e+00  8.217216837280e+02 -2.270802192912e+03  3.507439512995e+03 -1.073646929717e+03  0.000000000000e+00  0.000000000000e+00  0.000000000000e+00  0.000000000000e+00  0.000000000000e+00  0.000000000000e+00  0.000000000000e+00  0.000000000000e+00  0.000000000000e+00
N1 N3  2.886546995543e+00  7.184529731008e+02 -3.883149567631e+02  5.051466229407e+02 -4.817557343732e+02  0.000000000000e+00  0.000000000000e+00  0.000000000000e+00  0.000000000000e+00  0.000000000000e+00  0.000000000000e+00  0.000000000000e+00  0.000000000000e+00  0.000000000000e+00
N1 N4  2.543399727313e+00 -1.799901896302e+02 -4.905332242026e+02  5.092191541837e+02 -2.815213347843e+01  0.000000000000e+00  0.000000000000e+00  0.000000000000e+00  0.000000000000e+00  0.000000000000e+00  0.000000000000e+00  0.000000000000e+00  0.000000000000e+00  0.000000000000e+00
N1 N5  2.227924109022e+00 -3.997393736174e+00  1.129005632462e+01 -1.523531524138e+01  2.934398851390e+00  0.000000000000e+00  0.000000000000e+00  0.000000000000e+00  0.000000000000e+00  0.000000000000e+00  0.000000000000e+00  0.000000000000e+00  0.000000000000e+00  0.000000000000e+00
N2 N2  2.274298677478e+00 -4.471163833222e+03 -2.905316449806e+03  2.632623827193e+03 -7.425572130821e+02  0.000000000000e+00  0.000000000000e+00  0.000000000000e+00  0.000000000000e+00  0.000000000000e+00  0.000000000000e+00  0.000000000000e+00  0.000000000000e+00  0.000000000000e+00
N2 N3  2.986718488567e+00 -7.262977839816e+03 -2.009466693325e+04 -9.261704526582e+02 -1.057927052877e+03  0.000000000000e+00  0.000000000000e+00  0.000000000000e+00  0.000000000000e+00  0.000000000000e+00  0.000000000000e+00  0.000000000000e+00  0.000000000000e+00  0.000000000000e+00
N2 N4  2.190625134321e+00  7.185183845386e+03  7.168763285109e+03 -6.275644901952e+03  1.003776299244e+03  0.000000000000e+00  0.000000000000e+00  0.000000000000e+00  0.000000000000e+00  0.000000000000e+00  0.000000000000e+00  0.000000000000e+00  0.000000000000e+00  0.000000000000e+00
N2 N5  3.705843117522e+00 -4.944229726443e+02  1.116138050938e+03 -1.122291953171e+03  3.166753826883e+02  0.000000000000e+00  0.000000000000e+00  0.000000000000e+00  0.000000000000e+00  0.000000000000e+00  0.000000000000e+00  0.000000000000e+00  0.000000000000e+00  0.000000000000e+00
N3 N3  2.769447205582e+00 -2.644429745926e+04 -1.815888113211e+04  7.263539281496e+03 -3.600679434349e+03  0.000000000000e+00  0.000000000000e+00  0.000000000000e+00  0.000000000000e+00  0.000000000000e+00  0.000000000000e+00  0.000000000000e+00  0.000000000000e+00  0.000000000000e+00
N3 N4  2.504263497222e+00  1.773923367493e+04  1.405974217916e+04 -6.848091547536e+03  1.166625163318e+03  0.000000000000e+00  0.000000000000e+00  0.000000000000e+00  0.000000000000e+00  0.000000000000e+00  0.000000000000e+00  0.000000000000e+00  0.000000000000e+00  0.000000000000e+00
N3 N5  3.319679158251e+00  1.660300432125e+01 -2.540694680177e+02 -1.135996830460e+02  1.402256993497e+02  0.000000000000e+00  0.000000000000e+00  0.000000000000e+00  0.000000000000e+00  0.000000000000e+00  0.000000000000e+00  0.000000000000e+00  0.000000000000e+00  0.000000000000e+00
N4 N4  2.790280660938e+00 -1.501935110331e+04 -1.295519103164e+04 -2.681808000245e+03  4.137512111982e+03  0.000000000000e+00  0.000000000000e+00  0.000000000000e+00  0.000000000000e+00  0.000000000000e+00  0.000000000000e+00  0.000000000000e+00  0.000000000000e+00  0.000000000000e+00
N4 N5  3.021453126389e+00  1.890649375605e+02 -2.757168558339e+02  3.088983191837e+02 -1.638676534614e+02  0.000000000000e+00  0.000000000000e+00  0.000000000000e+00  0.000000000000e+00  0.000000000000e+00  0.000000000000e+00  0.000000000000e+00  0.000000000000e+00  0.000000000000e+00
N5 N5  2.830390872945e+00  2.855314661616e+00 -2.640798024062e+01  2.790785743727e+01 -8.832988864488e+00  0.000000000000e+00  0.000000000000e+00  0.000000000000e+00  0.000000000000e+00  0.000000000000e+00  0.000000000000e+00  0.000000000000e+00  0.000000000000e+00  0.000000000000e+00    
