ccpol8s_omo
  256    nom    -number of molecules
  27     nsite   -numer of sites in a molecule
  1      npol    - number of pol centers per molecule
name          x(A)               y(A)                  z(A)            mass(amu)      q(e)            polarizability(au)
O        0.000000000000      0.000000000000      0.066429434844       15.9994000    0.2925741060000   0.00000000
H       -0.769239184444      0.000000000000     -0.527141698314       1.00797000    0.5606567040000   0.00000000
H        0.769239184444      0.000000000000     -0.527141698314       1.00797000    0.5606567040000   0.00000000
D1       0.000000000000     -0.109392157370     -0.130314571008       0.00000000   -0.7069437570000   0.00000000
D1       0.000000000000      0.109392157370     -0.130314571008       0.00000000   -0.7069437570000   0.00000000
N1       0.476259300000      0.028046381000      0.338673280000       0.00000000    0.00000000        0.00000000
N1      -0.476259300000      0.028046381000      0.338673280000       0.00000000    0.00000000        0.00000000
N1       0.476259300000     -0.028046381000      0.338673280000       0.00000000    0.00000000        0.00000000
N1      -0.476259300000     -0.028046381000      0.338673280000       0.00000000    0.00000000        0.00000000
N2       0.682638330000      0.074084780000     -0.481551070000       0.00000000    0.00000000        0.00000000
N2      -0.682638330000      0.074084780000     -0.481551070000       0.00000000    0.00000000        0.00000000
N2       0.682638330000     -0.074084780000     -0.481551070000       0.00000000    0.00000000        0.00000000
N2      -0.682638330000     -0.074084780000     -0.481551070000       0.00000000    0.00000000        0.00000000
N3       0.296339120000      0.127002480000     -0.254004960000       0.00000000    0.00000000        0.00000000
N3      -0.296339120000      0.127002480000     -0.254004960000       0.00000000    0.00000000        0.00000000
N3       0.296339120000     -0.127002480000     -0.254004960000       0.00000000    0.00000000        0.00000000
N3      -0.296339120000     -0.127002480000     -0.254004960000       0.00000000    0.00000000        0.00000000
N4       0.481551070000      0.111127170000     -0.359840360000       0.00000000    0.00000000        0.00000000
N4      -0.481551070000      0.111127170000     -0.359840360000       0.00000000    0.00000000        0.00000000
N4       0.481551070000     -0.111127170000     -0.359840360000       0.00000000    0.00000000        0.00000000
N4      -0.481551070000     -0.111127170000     -0.359840360000       0.00000000    0.00000000        0.00000000
N5       0.783181960000      0.137586020000     -0.328089740000       0.00000000    0.00000000        0.00000000
N5      -0.783181960000      0.137586020000     -0.328089740000       0.00000000    0.00000000        0.00000000
N5       0.783181960000     -0.137586020000     -0.328089740000       0.00000000    0.00000000        0.00000000
N5      -0.783181960000     -0.137586020000     -0.328089740000       0.00000000    0.00000000        0.00000000
OC       0.000000000000      0.000000000000     -0.128260000000       0.00000000   -8.00000000        9.92200000
OS       0.000000000000      0.000000000000     -0.128260000000       0.00000000    8.00000000        0.00000000  
vdw parameters
36
a   b    beta(A^-1)  A0(kcal/mol)  A1((kcal/mol)/A) A2((kcal/mol)/A) C6(A^6*kcal/mol) C8(A^8*kcal/mol) d(A^-1) 
O   O   +2.605240   +2.698809e+04  -2.934923e+04   +1.172789e+04     -346.05365700   -1830.36234907  3.15932000 
O   H   +2.399360   +2.623460e+03  -1.064292e+03   -5.896987e+02      -63.70604165   -529.37099710   5.53856000
O   D1   +2.691080  +7.378803e+03  +9.728085e+03   -6.337525e+03       0.00000000      0.00000000    0.00000000 
O   N1   +1.780930  -7.755805e+01  -1.850686e+01   -7.746972e+01       0.00000000      0.00000000    0.00000000
O   N2   +3.110090  +4.396625e+03  -8.700981e+03   +3.963753e+03       0.00000000      0.00000000    0.00000000
O   N3   +5.169700  -6.638204e+05  +1.049643e+06   -5.185985e+05       0.00000000      0.00000000    0.00000000
O   N4   +5.491880  +4.508312e+05  -7.858497e+05   +4.130236e+05       0.00000000      0.00000000    0.00000000
O   N5   +5.487500  -8.269605e+03  +1.152517e+04   -2.661850e+03       0.00000000      0.00000000    0.00000000
H   H   +3.582090   +6.690497e+02  -5.710170e+03   -6.914718e+02      -11.37224240    -45.91158426   7.00899000
H   D1   +1.410680  -8.168092e+02  +4.273859e+02   -9.946095e+01       0.00000000      0.00000000    0.00000000
H   N1   +1.215460  +4.993862e+01  -9.136578e+00   +2.716744e+00       0.00000000      0.00000000    0.00000000
H   N2   +1.618640  +1.930361e+03  -1.041770e+03   +1.460729e+02       0.00000000      0.00000000    0.00000000
H   N3   +2.537110  +1.070121e+03  +2.723221e+03   -3.035401e+03       0.00000000      0.00000000    0.00000000
H   N4   +2.444150  -2.119752e+03  -1.426305e+03   +2.013143e+03       0.00000000      0.00000000    0.00000000
H   N5   +2.877540  +2.023314e+02  -1.477712e+02   +3.030952e+01       0.00000000      0.00000000    0.00000000
D1  D1   +1.264520  +1.249912e+03  +2.105536e+02   -1.372403e+01       0.00000000      0.00000000    0.00000000
D1  N1   +1.508240  -3.764023e+02  +2.618984e+02   -4.799170e+01       0.00000000      0.00000000    0.00000000
D1  N2   +4.368230  -5.965255e+03  +1.343520e+04   -1.732758e+04       0.00000000      0.00000000    0.00000000
D1  N3   +1.931540  -7.014974e+03  +3.677302e+03   -8.462029e+02       0.00000000      0.00000000    0.00000000
D1  N4   +4.340810  +5.914862e+04  -9.913156e+04   +8.224870e+04       0.00000000      0.00000000    0.00000000
D1  N5   +3.053230  +7.608122e+02  -1.617660e+03   +6.988929e+02       0.00000000      0.00000000    0.00000000
N1  N1   +1.543470  +1.418615e+01  +9.557284e-01   +5.812564e+00       0.00000000      0.00000000    0.00000000
N1  N2   +1.954250  +2.151633e+01  -2.697625e+01   +2.913881e+00       0.00000000      0.00000000    0.00000000
N1  N3   +3.296810  +3.378406e+02  +1.894745e+02   +2.708423e+02       0.00000000      0.00000000    0.00000000
N1  N4   +2.554140  -1.685302e+02  -7.359417e+01   +2.567625e+01       0.00000000      0.00000000    0.00000000
N1  N5   +2.248810  -7.070496e-01  -2.094717e-01   -3.993398e-01       0.00000000      0.00000000    0.00000000
N2  N2   +2.692480  -2.271195e+03  +3.046710e+02   -1.473222e+03       0.00000000      0.00000000    0.00000000
N2  N3   +2.141820  -5.139642e+02  +1.446452e+03   +7.721466e+01       0.00000000      0.00000000    0.00000000
N2  N4   +4.230060  +3.277181e+03  +3.820484e+02   +2.806022e+03       0.00000000      0.00000000    0.00000000
N2  N5   +6.012600  +5.575229e+02  -3.362919e+03   +2.355606e+03       0.00000000      0.00000000    0.00000000
N3  N3   +3.093730  +7.141291e+03  +5.310813e+03   +1.686491e+03       0.00000000      0.00000000    0.00000000
N3  N4   +3.626110  -2.510007e+03  -2.919264e+03   -1.146018e+04       0.00000000      0.00000000    0.00000000
N3  N5   +3.375940  -1.153362e+03  +2.081352e+03   -7.255663e+02       0.00000000      0.00000000    0.00000000
N4  N4   +2.580960  -4.405037e+03  +1.039461e+04   -4.085811e+03       0.00000000      0.00000000    0.00000000
N4  N5   +5.212170  -2.052399e+03  +7.366537e+03   -6.213141e+03       0.00000000      0.00000000    0.00000000
N5  N5   +8.139920  -9.275785e+02  +4.014966e+03   -4.333452e+03       0.00000000      0.00000000    0.00000000
