  ccpol5s
  256    nom    -number of molecules
  9     nsite   -numer of sites in a molecule
  1      npol    - number of pol centers per molecule
name          x                      y                      z               mass(amu)    q          polarizability(au)
O      0.000000000000000      0.000000000000000      0.066429466101803   15.9994000   0.292574106   0.00000000
H     -0.769239546413366      0.000000000000000     -0.527141946356524   1.00797000   0.560656704   0.00000000
H      0.769239546413366      0.000000000000000     -0.527141946356524   1.00797000   0.560656704   0.00000000
D0     0.000000000000000      0.109392208843704     -0.130314632326768   0.00000000  -0.706943757   0.00000000
D0     0.000000000000000     -0.109392208843704     -0.130314632326768   0.00000000  -0.706943757   0.00000000
D1     0.000000000000000      0.105835449800000      0.132771399195647   0.00000000   0.00000000    0.00000000
D1     0.000000000000000     -0.105835449800000      0.132771399195647   0.00000000   0.00000000    0.00000000
D2     0.000000000000000      0.000000000000000      0.000477086945647   0.00000000   0.00000000    0.00000000   
p1     0.000000000000         0.000000000000        -0.128261000000      0.00000000   0.00000000    9.92200000 
vdw parameters
13
a    b    beta[1/A]     expalpha        a_1[kcal/mol/A] a_2[kcal/mol/A^2]    a_3[kcal/mol/A^3] C_6[A^6 kcal/mol]  C_8[A^8 kcal/mol] C_10[A^10 kcal/mol]       delta_1[1/A]    delta_6[1/A]     delta_8[1/A]     delta_10[1/A]      qa            qb 
O    O    3.96609772  501351.8856049250  1.89924394E+02  -2.51698855E+02     9.33868461E+01    -8.25471634E+01     2.18898511E+04   -2.39201888E+05           1.65998053      2.706787800      0.109552200      5.250708480    0.292574106    0.292574106
O    H    3.28903799  1.0013304244404    7.59746619E+04  -6.08292013E+04     4.20875377E+04     1.52748284E+02    -3.76698131E+03    4.87293579E+04           1.35013745      0.870358043      4.062964030      4.118501770    0.292574106    0.560656704
O    D0   0.00000000    0.00000000    0.00000000       0.00000000         0.00000000         0.00000000         0.00000000        0.00000000               9.77864030      0.00000000       0.00000000       0.00000000        0.292574106    -0.706943757
O    D1   3.96188176  1.9037193380168   -1.23667141E+07   1.64381790E+07    -6.07514377E+06     0.00000000         0.00000000        0.00000000               0.00000000      0.00000000       0.00000000       0.00000000     0.292574106    0.00000000
O    D2   3.97436167  1625330.11368903   -3.25694853E+01   4.13669870E+01    -1.53690717E+01     0.00000000         0.00000000        0.00000000               0.00000000      0.00000000       0.00000000       0.00000000    0.292574106    0.00000000
H    H    2.37357184  1928.0598553603900   -7.88562201E-01   2.87064299E-01    -2.33854701E-04     3.00810372E+01    -4.41713854E+02    3.69493125E+03           1.37461842      0.114090566      4.632881640      5.117787710  0.560656704   0.560656704
H    D0   0.00000000    0.00000000    0.00000000       0.00000000         0.00000000         0.00000000         0.00000000        0.00000000               1.44528340      0.00000000       0.00000000       0.00000000         0.560656704   -0.706943757
H    D1   3.36827904  1.0032601532575   -1.94555615E+04   1.72081927E+04    -1.18951734E+04     0.00000000         0.00000000        0.00000000               0.00000000      0.00000000       0.00000000       0.00000000      0.560656704   0.00000000
H    D2   3.14073114  1804.2601905186900   -1.60980658E+01   9.79980158E+00    -8.21155949E+00     0.00000000         0.00000000        0.00000000               0.00000000      0.00000000       0.00000000       0.00000000   0.560656704   0.00000000
D0   D0   0.00000000    0.00000000    0.00000000       0.00000000         0.00000000         0.00000000         0.00000000        0.00000000               1.63893509      0.00000000       0.00000000       0.00000000         -0.706943757  -0.706943757
D1   D1   3.95360456  92842.7517823240000   5.98812571E+01  -8.17851927E+01     3.03401297E+01     0.00000000         0.00000000        0.00000000               0.00000000      0.00000000       0.00000000       0.00000000   0.00000000   0.00000000
D1   D2   3.97255531  27971.2394845607000   4.41674355E+02  -5.83260960E+02     2.18570185E+02     0.00000000         0.00000000        0.00000000               0.00000000      0.00000000       0.00000000       0.00000000   0.00000000   0.00000000
D2   D2   3.96603079  31.6966627716777   7.91622284E+05  -1.03164784E+06     3.94936304E+05     0.00000000         0.00000000        0.00000000               0.00000000      0.00000000       0.00000000       0.00000000      0.00000000   0.00000000                                      
