 Created by Ommair
       0   0.0        19.4885004855009     
   2.82556823649686      -0.530735660907661       -1.21904033907109     
  -1.79215706253171       -6.82299299796885        1.63225075571556     
   5.29253731157584        28.3511788999715        12.7330110676215     
  0.219035605895554      -0.712556187401073       0.338856486326551     
 -0.573988993640884     
   5.05150264197865        8.41802719240555       -2.97373900111565     
  -2.89489535325561        7.33918475349205      -3.038376465256188E-003
 -0.106326616752396        26.7850532137046        2.18410400717086     
  0.240055891565269       0.438564956491862       0.819262602667592     
 -0.280789486506198     
   3.24517320049440        1.83223436329847        2.92520201836605     
   1.11548373431586       -3.71212485697686      -6.486409044487207E-002
   6.16870056798723      -0.892981931801971        11.6233307890743     
  0.701392717802124       0.160446793898883      -0.496469789549408     
 -0.485615928287504     
   6.50810873533474        4.94951452019980        2.97131694836047     
  -3.60903860585947       4.359168361539195E-002  4.407151706254409E-002
  -8.98332079543684       -1.23556677725804        8.04627541701377     
  0.551922020609002      -0.249465349722877       0.300359911584360     
  0.736839905249276     
   7.73176405564737      -0.661446118353970        4.43557664146378     
   2.99802216758393        1.82719426957076        2.13165953956814     
  -24.1786193173354       -49.2965781799141        20.7766046983596     
 -0.172416629257188       0.428985560503002      -0.882626854996794     
  8.493367809005531E-002
   3.22115491908823        9.91991112025999      -0.259169370720874     
   3.29001429556213        2.77920181181443       -1.72527237566159     
  -1.92703931190972       -1.78271215545321        4.82095657595864     
  6.908456862895063E-002 -0.216608891275364       0.318788457493419     
 -0.920153155711981     
   6.85651074999440        5.77442197304230       -2.69581262581179     
   3.28423539150347        5.46680305408694        2.45486799597999     
  -1.22663443557675        18.1004497516803        8.31112719472278     
 -0.336621322179795       7.908262431995250E-003 -0.571341046758305     
 -0.748460388483261     
  -8.40396485993227        2.47074740518878       -1.00826131604499     
   4.40574370508924       -5.39035816886799        3.06618039816680     
 -0.544608293773491       -7.53164078619110       -13.9349066607589     
 -0.208397431654074       0.451476438291169      -0.659807380292838     
 -0.563377100225877     
   9.13021075211174       5.617662033492217E-002 -0.407130207103638     
  -1.75363985608576        10.1271808840330        3.30222124478461     
   2.24245969899771        15.5962735086716        12.2671617333132     
 -0.458581880198806      -0.321145237573786      -0.534121284975375     
 -0.633468900952074     
  -10.1963356455544        4.44684391627190        8.70890643208620     
   4.39165128616505        5.63586915036610        1.34447022575846     
   8.75915819845054        36.0471374540217       -14.0711811930137     
  0.819692444813145       1.010588775220383E-003  0.290447240279293     
  0.493704036079162     
  -6.41401819271502        6.21147524652068        5.43579808031358     
  -3.59118952863690       -3.31453766871997       -1.78620631185941     
   1.90299665348137       -9.14904973013691       -28.3345672016942     
  0.963358183218644       0.181132624915014      -0.141797667461564     
  0.137932608615785     
   11.3380797645524        5.81075998972625        3.24997018458583     
   4.09929426409548       -2.04702539548013        3.38814151786636     
  -4.67337562936645       -20.7148034304115       -12.6351465541732     
  0.539481843205580       0.460104801605437       0.533597295972290     
  0.461017177686829     
  -6.84504080986243        7.06746591835190        8.02814376550321     
  -3.80032029399962        4.94519425716457        4.16575776860737     
  -32.8148069813971        5.35851372553489       -1.36557233449041     
 -0.742854348758532       0.361772206032148      -0.235673443276517     
 -0.511611488932171     
  -6.27299432575529        3.50303292385636        6.24620809034794     
  0.138756257569259       -5.59044946874088        1.27997165303335     
   2.83589108619989        30.2754312713977        5.40424182791489     
  2.575513444674226E-002  0.539254498678564      -0.646450503470615     
  0.539113165547885     
  -2.26645167474178        6.80195091457779       -3.60112086345030     
  -10.3231109783762      -0.770661136998259        2.91911550922528     
  -15.9443252186967       -13.3366723457108        26.5196403484322     
  0.251843579555471      -6.977692208386926E-002  0.287991531506816     
  0.921285444561941     
  -3.38486770095330        2.40393557147315        4.68672665580274     
  3.837731523179538E-002  -1.77157923710053       0.985753808659418     
  -8.08362419747889       -9.91231045788656        28.2365491859758     
  0.788570932390976       0.469502311618945      -0.393480073545567     
 -5.382281760469069E-002
  0.981292337027839        7.44430298538168        1.86824335342569     
  -5.27680237210647       -1.73377763174723       -2.38328716964380     
   8.59699656427105        21.0182161901400        15.6681545798468     
 -0.494323207759118      -0.261073751062009      -0.501186423189271     
  0.660527994855511     
   5.24686913350194       -9.84113815546260        5.89889246951413     
   2.85094473386694        1.01762470654958       -2.26779725753861     
   18.1235494388620      -0.871917950937545        2.54045537419529     
 -0.690492361762104      -0.236761722003002      -0.564768214790625     
 -0.384968893424332     
   1.95579537647236       -6.83778780219264       -2.76557306284606     
  -1.94389523969480        5.82278830932725      -0.930243608725082     
   19.3687856675314       -28.7074335934122       -6.95644746904504     
 -0.573872589778930      -0.603802734689370      -0.267891294996167     
  0.484073096078820     
  -2.86227210705782        4.80030352422309        6.35984746167510     
  -3.16101146389684       -2.54063019974714       -2.05772061036029     
   18.7493009281691       -23.6367733409988       -27.0425538256930     
 -0.198275696415439      -0.651466422736915      -0.329175419691855     
 -0.654157313899380     
   5.92149927269332        10.3209307166313      -0.630091228777280     
  0.279844676594278       -2.34328290303867       -3.51238654470113     
  -12.1195251910067       -14.7975685542750       -6.96290208868466     
  0.372587066991299      -0.516832890776011      -0.754385773706520     
  0.158002357426039     
   9.39818552122651       -8.55500371363698        4.76322420505104     
   6.09459436163162       -2.91018542697041        4.24672907327290     
  -19.0554676284839        33.8245254713558      -4.351574193112896E-002
  0.340671103693521      -0.817681752383960       0.124173687106651     
  0.447124866627733     
   4.37512397173403        11.1133673662947       -4.10247782136609     
  -3.83780884196855       -3.96151636258901       -4.40456685445234     
   6.58104644073179       -8.26979178231515        10.0129971634853     
  0.961104024540061       0.137935439554042      -0.170089390536273     
  0.168292803634127     
  -9.45218508830581        2.93465551693659        3.29338156220895     
   1.27873601483361        2.19040028625109       0.648920519529260     
   11.7260276126202        10.2869894733347        9.61563459174369     
  4.375656009675830E-002 -0.745783754573297      -1.880375877385422E-002
 -0.664483538937499     
  -10.1298666235465        3.88144237376144       0.556206542190254     
   1.97946963599863        7.28590808108621       -4.27938055461004     
  -12.7008956682457        29.8399564169635        32.9803533075357     
 -0.651588732215522       0.136009203471759       0.377462344863782     
 -0.643782415751656     
  -9.10227019281476        5.03284977986016        12.0462814870661     
  -7.23128826770677        4.41386526713782      -3.046203463555256E-002
   14.1764310126763        21.1979064405070       -8.92540265080547     
 -0.779857478132995      -0.180756870519578       0.588181016018001     
  0.114857999093816     
  -10.6593276728851        9.48090712925002       0.988186692170519     
   1.39120379964879        1.27097201587742       -2.67124761826907     
  -9.91220496684367       -1.10075526539401       -3.30750660516784     
 -0.348818457020077       0.930510532391467       8.693226099639256E-002
 -7.013283930406491E-002
  -5.21451930740171        9.36304929043276        5.65889956789157     
  -3.49688945476829       -1.02032728659495      -9.193728120892970E-002
  -29.2934200415409        19.5776292504801       -19.0448802211504     
 -0.165878682040689      -0.571856719410568       0.341141567050630     
  0.727383383464118     
 -0.520893424786402        9.10412165072236       -3.37705607974153     
 -0.449493351995939       -3.67437572451649       0.734889133448253     
  -19.0168326903704        10.8974827533826      -1.389224007700952E-002
 -3.797074861209346E-002 -7.066091372781826E-002  0.732888214423908     
  0.675603524768548     
  -7.69095204159537       -9.83652041942615        4.19065141334350     
  -6.77718398884177       0.652953901553885       -1.91204456229196     
   14.0153334813099       0.199287298578762       -11.9154455337077     
  8.820628009024637E-004  0.512546896248211      -0.546414097811503     
 -0.662364352018039     
   1.45044755492847        5.79476255268511      -0.522607772909805     
   3.98279261397036        4.29419827722770       -5.70282972017632     
  -6.83700903903930       -10.7714502658041       -4.37518916470796     
 -0.508748233214535       2.826538938393539E-003  0.262746878795732     
 -0.819836156534788     
  -3.93015618686506        6.88369130164503        7.99979133424567     
  -1.55874442327623       0.924904340289908      -0.839030763111834     
   8.35679921986695        20.4309931101297       -3.12813179200304     
  9.428284360270620E-002 -0.185631375645931       0.839320742662938     
 -0.502187642932150     
   4.24673453064024       -6.08908690307427      -0.426917397054292     
   1.92889336528035       -2.37222763275034       -1.69247865590118     
   8.93054340557968        7.42471658082511        13.0278843401988     
  0.467885630008234      -0.185536581706496       0.424240218751532     
 -0.752781144074635     
  -4.16911416530412       -5.03830466593024        4.33469437410267     
  0.646560231317796       -3.03362025969549      -0.734820946278500     
 -0.382613534014824       -21.0107521741287       -3.58038867529172     
 -0.267919033048514      -3.865153223406023E-002  0.413059232957134     
 -0.869544432938944     
   4.22571135474287       -3.15590455723040      -0.728170685894184     
  -6.12637799162820        7.19939668398851       -3.39699586544296     
   14.1423369798335        51.8100669693117        5.33201669866567     
  0.270278496056256       0.487132597484048      -0.640013015981911     
  0.529183055673372     
   4.35195025861054       -6.53182948836266        2.17944214159889     
  -1.31959039663484        7.07696442807386       0.916848544928065     
   10.3737224548144       -14.8202280722370       -7.07410758724700     
 -0.542358456903177      -0.322239892725083       0.354435075539005     
 -0.690206152529773     
   6.32459650305116       -6.13984065163743       -2.24048171702631     
  -8.27586103850116        1.83900557836935       -1.49080895665951     
   18.2432604550723        29.1497983728869       -6.61640540879518     
  0.277322301235871      -0.951931361769178      -9.570330970490563E-002
  8.809029588506104E-002
   11.3774692584563       -3.16789782846955        1.16186037999297     
 -6.401658876586300E-002  -4.19044075273972       -6.81854060208214     
   2.34547000174248        58.4659666974929        9.62418455244095     
  0.146301746300623       0.389128234638689       0.860696140209573     
  0.293899932400069     
  -6.96267477923131       -1.83050328557611       -1.00223204032601     
   1.15999912933308       0.977309594083548       0.812425418233477     
  -9.67381836532777       -40.7100968722937       -7.35886973246095     
 -0.365234073343963       0.569949401282604       0.513776562966545     
  0.527062989587268     
   8.67486161011506        6.87111821157367        3.34147610365218     
  -1.09070012777078      -0.747324112094009        1.02107341536325     
   14.2078407173919        7.15617951319505       -15.8209598355532     
  0.448314686948017      -0.463336526496301       0.726213000286033     
 -0.238637555503257     
  -7.66679306043825       -7.92134897885475        1.62856632690060     
   7.73902943230273       -1.11790065876078        1.90119420677144     
 -0.796454064557935        14.3896229762769        35.4145032201756     
 -0.281859720300272      -0.757616403847040       0.588679599443031     
 -5.367671141906179E-003
  -3.01703303338495       -8.27024217084452        7.23851673695587     
  -3.73707766823406        9.71728122998218        2.72016436957802     
   9.13739591040254       -10.4485370253346       -17.4513410232896     
  0.764118230806927       0.435484402134595       0.229892677826321     
 -0.416684558782950     
  -3.92567613154726      -0.208261302977548        3.83939490378075     
   4.76180340953160       -7.14836448523966        2.06197260656812     
  -17.6811588860728        16.3610203009097       -12.4422722659570     
  0.111611976245919       0.770660178129049       0.621622545283437     
 -8.491800633515623E-002
  -6.96127285456143       -5.18040215869090        2.63867304167387     
  -1.97639822919055        2.73151829905294       -3.66181401113651     
   9.57581307594314       -7.88010075055202       -10.1729982931967     
  0.527747291742497      -0.127660528827081      -0.810764017576320     
  0.218740241477662     
  0.270466246030830       -2.64857311598435        3.29699301613286     
   2.51836784197909       -1.99833219355192        9.46196525290141     
   7.85567445832625       -24.7846469300346        1.42669765253362     
 -8.314418892615921E-002  0.970595955859619      -0.138026395979476     
 -0.178827426111692     
  -4.82388291293623       -6.38780414826695       0.927787590499994     
   6.88496494579816      -0.324434079122327       -1.09401720334999     
  -20.3281469185012        19.1934156226621        18.5641973477076     
 -0.184792183929537       0.129644535251536      -9.953540493954856E-002
 -0.969090731769549     
  -1.85259205773318       -4.28604858071929        2.62669723160798     
  -1.26046388987729        2.80926703360678        2.49369128492703     
  -5.12060961632636       -10.2888396418172       -34.2811224880583     
 -0.221037875361164      -0.253060799204890      -0.390129932313311     
  0.857263743240513     
  -11.3710405390161       -2.82987003665409        9.81537099960632     
  -4.65318860403885       -3.18847054098250       -1.97026063476830     
   5.46457887855091       -17.8250136605707       -7.73348666897133     
  0.229819215928489      -0.189496191947705       0.830987093113554     
  0.469824192976524     
   6.90673243810476       -2.47510163028016        1.68234980364973     
   7.88744629651274       0.401170771700958        1.70691456329820     
  -18.2562094549048       -3.46962819144729        15.0471433898103     
  8.011416468593276E-002  0.140197621451207      -0.985216152122893     
 -5.723181940203558E-002
  0.775149929704285       -1.07663650235021       0.769699421405939     
  -1.06188788363873       -2.22354443476749        4.84685535722434     
  -24.0652183486813        7.34233449999108        43.6811218126498     
 -0.390099371175211      -0.645841538003803      -0.644689865021089     
 -0.122825755998464     
   9.60014981303998       -2.36780306153874        2.95328186578847     
  -3.77616733461747       -4.32521816468514       -1.33681358052645     
   8.74898836895556       -30.1257457402302       -1.40230809061921     
 -2.169733312797824E-002  0.625511806939027      -0.769443653271208     
  0.127360392413077     
   4.02610033932997       -3.90587723497714        3.02141269625005     
   2.05177974355670       0.615371254753023       -5.17908802137562     
  -22.2221373397604        3.74847919553971       -41.0250412208115     
  0.518822470502043       0.720800839705680      -0.431056575365573     
  0.159560717019713     
   9.94096899528132       -4.36292329258128       -1.25341941540408     
  -2.82158839785706      -0.609395962639065        4.56377550943242     
  -7.53524877682991        5.19062836744596        5.52248796849228     
 -1.991504305673182E-002  0.399612558417334      -0.830133724769764     
 -0.388318417301139     
   5.46786657060465       0.133843451058520       0.283500975948167     
  -2.04378170744951       0.866429827188303        8.06019472666093     
  -2.06111280377971        14.0255086833392       -3.83892101189548     
 -0.222261864240359       0.115792840981683      -0.712784755638833     
 -0.655079822472552     
   5.12894438209407      -0.268478243352589        3.36938476378169     
 -0.519867468225649        4.96245318294790       -3.26256563641531     
   7.04618809351665       -10.8180912385373       -8.24567443690644     
 -1.156488476123375E-002 -0.936640937581815      -4.829228182861556E-002
  0.346753317218560     
   9.06383200672231       -3.99931838601978        4.87513300257132     
   1.25443513374866        1.70287206677490        2.25580148659005     
   5.90036985431995       -15.3941623088665        6.84484070312307     
 -3.391761053670180E-002 -0.734950339186816       0.558614662940033     
  0.382945496086654     
  -7.82763603165106      -0.971455877962744        5.01167039766228     
  0.762117783310170        5.58221214412811        6.15350855298746     
   26.2745348133848        14.8099290790028        13.3285344045135     
  0.758210667610426       0.586833938525244       0.265637959190174     
 -0.100890964680158     
  -9.13729846281807       5.498552381492684E-002   7.19338177564220     
   1.46066413553911        1.03932671526028        5.63748577120458     
   1.62615981352656       -5.75140506974234       -3.91291809534529     
  0.154358715413453       0.938843934160980       0.151528528773748     
 -0.267926406374355     
  -6.65920625784582        1.54039396282622        4.00545631381450     
  -2.13541103145931        2.16663139325541      -2.478044172368930E-002
 -0.838761875281533       -9.83453423140483       -25.6102465305676     
 -0.298035932066921      -0.307350599896751      -0.746126205493648     
  0.509907714606992     
   6.66299328662424       -2.58047855231949        6.46010975016796     
  0.438145212158393        5.28997437924050       -3.98750215784611     
  -9.03471811691039       -7.35434841119190       -26.1192532034483     
 -0.207146238519647      -0.971976295612105       2.044040743420109E-002
  0.109246081757009     
  -6.21980807790649       -6.23053056430526       -1.61268002289168     
  0.872549392257027       -1.08201737744277        3.28291054114739     
  -16.5538321195800       0.143001107459644       -6.87366793140767     
  0.106193022956994       0.175861637108936       0.468370916642442     
  0.859316246158716     
  -7.08827203723320        2.69828523094427        1.53056977350978     
   3.61816740576419       -2.30067648031417        1.15282140859421     
  -9.47429649530017        8.87870332624828       -40.1308093058568     
 -0.102569408549765      -0.251674668958457       0.706240911686955     
 -0.653730182945557     
  -4.19163933414881      -0.631588723015821       -1.36211462476622     
  -3.82310230062260        2.30860079805370       -2.52660168427843     
  -4.53723185254694       -6.91619543741811       -5.86422276838926     
  0.492848530415381      -0.117488431618809       0.839587290241865     
 -0.195933602446095     
   1.13245903589363       -3.60981077902235       -1.54152788389004     
  -2.14737742812640      -0.455700985505318        5.36047748917378     
 -0.264520863671487       -3.08158312472316        8.60007280002469     
 -0.467456771503387      -0.858604362196609       0.207880848483977     
 -3.268438198983568E-002
  0.469837921954345        2.56428550342892        3.06351725479480     
   1.83651269415106      -0.500628036189357        7.43990091310650     
  -14.3725987599202       -17.9067352175067        15.5393025163428     
  0.555484674849324       0.726776051916979      -0.307730796745036     
 -0.261792099006251     
  -1.66496448071506        1.06716419944534        7.12785660711000     
  -3.41098704485694       -1.14331095670754       -1.33010581106816     
   13.7669121823386        8.60508277084503       -26.4465825067968     
 -0.830014156262213       9.800214213860237E-002  0.481929486459718     
 -0.263089434644326     
   3.77537133210185        7.87609742337942        1.21970276121828     
 -0.900745717862100        3.05688757851548       -8.54481320694574     
   2.11198377489752        1.26056290845306      -0.686079922430393     
 -0.798932171659001      -0.306856136207234      -0.495912439862192     
 -0.147029074505470     
  -1.13281947641956       -2.49755569852981        10.2461813237675     
   4.16103845784806        5.19960493332221       -1.40360133609853     
  -25.4021578165149        5.94347868490523       -11.5077258581493     
 -0.367178160603608      -0.185206891007853       0.876955688999358     
 -0.248651011320401     
   2.30142339308090       -2.93691961645909        5.18356777374645     
   2.17910677116583       -3.79828915936313        1.73744953150463     
  -22.9906257429731       -10.6568091253206       -4.65499943376613     
 -0.115134557959544       0.273309595317629       0.865725178791355     
 -0.403194510723461     
   4.93903845040526        4.41670678498061        7.71841746535764     
 -0.594211052120738       9.940558625874597E-002   2.48366873791926     
   5.95743187010532       -34.1701534658531        11.3473742728953     
  0.527286854560356       5.812907847874852E-002 -1.230068508444894E-002
 -0.847607383397198     
   3.31972549412993        5.69944592263715        4.58768196787825     
  -1.74121189952723       -3.27270932095889       0.391325280838117     
  -12.1371752755938        28.1827552082236        5.57418973220392     
  0.890936108733629       7.667483965169775E-002 -0.301461583394987     
  0.330869661431611     
  -10.0712288473453       -2.56725012241349        7.33220832605724     
   4.97259261669143       -2.52744313674154       -3.33574132247958     
  -19.4110717370209        1.73370579513693       -7.30602246284547     
  0.225179536495938       0.489551789890138      -0.707538417337309     
  0.457189905127815     
  -2.19855669468605      -0.597024705027989        1.27149167026900     
 -0.207576714056518        5.57203930073783        3.37924818166540     
  -6.07287858995644       -16.9540315637349        8.04108127308800     
  0.438360936522878       0.456825569717314       0.683584964298681     
  0.363127642528010     
  -7.81362843573309       -2.41955501375366       -4.45149813319908     
  -1.63106998153181       -7.04726728019073        3.19217873537666     
   6.64134403011775        17.9417676872995        11.5319174242219     
 -0.125587440085762      -0.902619327063818       0.410616385742229     
  3.000548389308479E-002
  -7.42655217798747        4.55067974724089        8.83791433334223     
  -8.21724823884115        1.92078376931433       -3.08469528629356     
  -1.50249268790806        8.75691864970493        7.37690490329752     
  0.145071749928990      -2.949596968785134E-002  0.881380693253767     
  0.448611467423837     
  -1.46338944655866       -2.23896393488193        5.34064544119910     
  -4.69095367598497        1.22858965392163        2.94876160957288     
   1.62264978089287        27.2634821182195      -0.416493076664203     
 -0.414212032908670       5.163732647249255E-002 -0.828047070813691     
 -0.374299381278143     
 -0.793337418468435       0.569607422452195        4.21836131423813     
   3.26431221037076       -5.03883135927289       0.228667798568487     
   7.17824511352460       0.591312015606869       -21.6166579088848     
 -0.555420331299973       4.864478503756000E-003 -4.914367522091670E-002
  0.830102097102107     
  -2.82229639833756        1.39846709212517       -4.99858309929312     
   3.88471091185673       -3.27102172080303       -4.56166044292529     
  -4.92574607076136       -17.8968193642363        8.30709488115450     
 -7.734344700072840E-002 -0.901472979387387       5.897107369085006E-002
  0.421766370290805     
   3.27447832423830        3.13264338672584        5.77934243132327     
   1.46958528512442        7.60187186668511        3.60865354945849     
  -3.90560521212238        9.76459507184188       -5.09636678229840     
 -0.799020998614292      -0.212348624784882       0.101162390901285     
 -0.553389262628675     
 -0.559927456411176       -5.36947082792738        9.68169916956055     
   3.69106202488890       -2.61205651975590       -2.24138005399931     
  -2.93465111976570        10.2273350524831       -26.1993168808239     
 -0.266688537961098      -0.762306068477901      -0.549465615489106     
 -0.214135982677292     
 -0.787118746417579        4.41349165059457        8.28728649531025     
  -3.99561062317075       -1.49705567862399        5.06829342885693     
  -4.55188568273753        18.6998860649569        1.47880529059629     
  0.862938610452239      -0.394785251031891      -0.114007755630438     
 -0.294081267364276     
   1.11342303564455        6.18046041414279        8.72268429328268     
   3.89570251635207       -9.32416983556186       -3.97534214425348     
  -15.1531368202557       -18.2262619328216       -3.10824739318557     
  0.556979193234025      -0.800486493148212      -0.166028845275436     
 -0.146389805410602     
   4.63592664009184       -9.01008073441155        3.52012345745106     
   3.26019893877181        4.78357517421844       -8.21662100654705     
  -7.73169617983126        20.2910800729469        9.99461091659351     
 -0.850229685682965      -0.165448197837262       9.895150464346472E-002
  0.489841785829590     
   7.74986026842010        5.91592776917355       -9.11137958128878     
   2.01025402018624      -0.370948140238832       -1.25165431995072     
  -24.2597021595824       -8.44284104908527       -11.2218153702423     
 -0.613684020831033       0.663147701132563      -0.223204957698826     
 -0.365795839120299     
   5.84527650278779        6.16114096091817        5.59659622670108     
   1.42268433462795      -0.701594301764837      -0.268087230336283     
  -23.7937886515985       -17.6923724802974        16.3221367627442     
  0.268918479304899       0.323130274238839      -0.283862499966280     
 -0.861795659348392     
   2.43046154608624        4.88538531727825       -3.06742439645046     
 -0.680541926896739       -4.80033863204378       -4.12272470020373     
   6.33234901335599        10.1376344661368       -13.9629652785386     
  0.303184201823954      -0.461259253715897      -0.503425176173151     
  0.664742305424329     
   9.39507861759885        9.79789181789875        7.28195534066740     
   2.59483846027223        3.01912993476471      -0.706831144087951     
   22.2122363036630       0.279069425553640       -3.80087149117712     
  4.926076624668779E-002  3.807794114751271E-002 -0.982106475462836     
 -0.177736653959401     
   4.23231376668648       0.321235308864143        5.92830188389311     
  -1.09668715861766       -2.94504562854248       -3.89875487268202     
   5.01379230774498       -1.77557774288532        5.94002938576864     
 -0.166125817462485      -0.699606835539850       0.667409040865533     
 -0.193694761439715     
  -7.19407276179184        1.08092375184117        11.6787830658010     
  0.566466986023831       0.824058062388652        2.34832349963394     
  -7.58325592085859        45.0435528072958        22.5423290106914     
 -0.656492889840574       0.558652086236657      -0.277497000400883     
  0.424170186246670     
  -9.91489335989250        2.40608387018641       -8.10874065387992     
  -2.61396934904625       0.230484294802425      -0.610332117472279     
   30.4473697650224        10.0029472432148       -27.0168312892679     
  0.500614131442996       0.764823302459543       0.382722370663754     
  0.133994008851433     
  -8.12759683381914        9.30258337030276        8.75841252911967     
   6.46845117723390       -1.25470756292877       -7.66367889291869     
  -23.4413507196213        8.36742406836964       -6.65726092816852     
  0.627814701872851      -0.430505938988204      -0.305174479520313     
  0.572172940340138     
  -5.93946482195025        7.38989432571132        10.6609749867217     
  -5.77057309503979        2.55770135001832       -2.47120430287057     
  -7.66110846220063        30.0200508058852       -24.0638347421436     
 -0.672500370144590      -0.203446073822122      -0.539174857683747     
  0.464374224137701     
  0.299870672567126        6.72430811957402        12.0909475797103     
  -1.57525830753945      -0.453476380210573      -0.214803327219483     
   9.23807898412440       -31.4320121270135       -27.3014024729580     
 -0.705573575470338      -0.521982352376405      -7.286577873010820E-002
 -0.473699199593798     
  -2.72303275512691       -8.30787470414603        4.57070024206417     
  -2.96076748035894        5.64371704537636       -2.27381906030807     
  0.357220818970547       -36.5442011692391       -15.2126632836529     
  0.486335094352436       0.393511562827836      -0.522140249853678     
 -0.579651951954509     
 -0.477970660950699       -12.6529392950070        5.98337125661714     
  -2.08873026081459       -5.90652410500664        4.71179720393975     
  -21.2341698568821        31.3780211984221        6.34715127118838     
  0.414584780790617      -0.909970882350957      -1.358393367401143E-004
 -8.510837678076724E-003
   2.74413739153747        5.19194566813985        12.4896732084195     
 -0.988406839055424      -0.982094200385110       -2.17777835058397     
  -3.62115979156184       -10.5542930630592       -3.43427389995576     
  0.286067841029647       0.341543172166034      -6.433171720286962E-002
  0.892958499616371     
   7.75316713557349       -11.1409459115863        5.40963341048025     
   4.68790230284310        8.13027939914532       -1.27041928972375     
   14.4249032838012       -11.5094397796567       -23.5838118241704     
  0.266263136171858       0.957246507201638      -0.105931723318265     
  3.951628475824919E-002
 -5.816377521658917E-002  -7.94931700298974       -12.2233245687821     
  -3.41812637987153       -1.35719096004425        5.42248461493534     
   8.01546240832760        22.6069851005654        9.13235557849128     
 -0.169389333558017       3.760702512737411E-002 -0.982938770158151     
 -6.102736646709119E-002
 -0.917935113841369       -6.34370061456982        3.97535762633130     
 -0.117007411978632        1.03155371478867       -1.91243408398957     
   5.24291240088891        11.3219169362309       0.836523952317213     
  0.685355842150913       0.535059807521404      -0.485869207446698     
  8.904765723957594E-002
   6.75180202060663        9.62976726606120       -10.8455284601144     
  0.392844914838670       9.749412274953219E-002  -4.87086289924592     
  -7.37590938645730       -6.81110993853589       -28.1068316458695     
 -0.170751314929626      -0.308933032640727      -0.858380779125047     
  0.372272491358084     
   1.51787674920889       -9.82364401623191        3.30700415829182     
 -0.127985613564519       -2.49471297024260        2.89092188910740     
  -10.6870116571050        12.3669892423697       -6.44551607895604     
 -7.068725459319944E-002  0.942221009094994      -8.010222281549871E-002
 -0.317500418831165     
   2.71748400020963       -3.54835979020084       -10.4496791707002     
  -4.27001517087974       0.251384457149243       0.297280118902011     
   12.0078647219055        12.7606243737117        3.09253576975425     
  0.633951836898925      -0.544303472640117      -0.493246621560653     
 -0.241963981789658     
  -12.3696798508654       -7.55939608959357        1.35687137825932     
  -3.64652544518126       -1.47215699751212        4.19551871683242     
   2.27623842844365        4.19830806650028        5.06625802055335     
 -1.536228377985059E-002  0.417625877726115       0.882043592355258     
  0.217604521266890     
  -8.88555173239285       -6.26860225377087        5.82913246810927     
  -2.30037950630190        7.83246687483633       -5.94268418056087     
  -3.76502077480706       -24.5270192249600       -21.7168066613771     
 -0.193971450252118      -0.155395320911859       0.449557689533934     
  0.857977420744091     
  -9.68165221004993       -13.4504547856434        6.55334146093541     
  0.317921777638797       -2.21254118201986        2.08755216657380     
   5.56471284846703        20.5033869606410       -30.2351023993062     
 -0.380184656526471       0.178119622814200       5.327136066490778E-002
 -0.906032664445992     
  -6.37572937020767       -9.39135437091763       -7.37808392290547     
  -6.50152363196038        3.93893360742819       -1.07983995594474     
   21.4919639925702       -12.4790546184723       -7.61791139675702     
 -0.513662247828675      -0.308320704904032       0.795355684495413     
  9.218879120559403E-002
  -6.22277274118646       -7.94286940540197        7.80425857398232     
 -0.713621160320555        2.46647410198720       -2.29540869723634     
   16.2606067206948        3.29705676169785        18.3405184160374     
  0.708914723166985       0.443463947067308       0.355426438288108     
 -0.417674143196008     
  -2.01290413893829       -8.96115831059433       -5.44354525244725     
  0.428678117816854       -1.56894359015768       0.720873116990537     
  -17.4670483422621       -26.1040801725025       -27.2525142624059     
  0.349746125397758      -0.541064516966020       0.230465581395716     
  0.729254723701962     
  -6.22746000085969        12.6027062237558        5.10949844825705     
   1.88398398127027       -2.78917119808208       -4.14968434913922     
  -1.75634813922080        3.44766816883725       -12.9350301277957     
  0.455521974505301       0.160947794187354      -0.206518020754523     
 -0.850850072217578     
  -4.07832149695621       -5.83589988831128        6.81890963666122     
  -7.88869503346036       -1.66592585833188        8.39597456774310     
  0.486915285170983      -0.403955689026991        4.03580834809163     
 -0.804715542607273      -0.290005461227826      -0.372433785768871     
  0.360031669665569     
  -4.51328773125993       -1.73486038174807        6.10217626060467     
   4.25667425443377        4.28029647807441        5.28732383542194     
   1.61336005637092        11.1200607467152       -8.23695237738261     
 -0.144433787539402       0.331226266361977      -0.816440914339890     
 -0.450391246452161     
  -1.33116572919086       -4.49414254468461        7.17405937372009     
 -5.303040010850035E-002  0.390168813691008        1.38427430246817     
  -2.70367283992669        9.91484932532862       0.829254053801664     
  0.292969707793282      -0.886910745545574      -0.193583904497080     
 -0.300138887301839     
   1.20280044777275      -0.448750482920069        5.81957887015736     
  -3.60270077460762        1.16665995943772       -1.00611007239563     
   5.47684275372498       -13.1729392798934       -13.0002354702148     
  0.890217715274601       0.434813525751572      -9.114116838036120E-002
  0.100711988666128     
   6.91326984872905       -7.51153818205961        4.36645378441648     
  -3.48970888781399       -1.98749967408277       -3.06234661323273     
   3.13970471796052        15.2149660896621       -8.03107164822249     
 -0.124801040674900      -0.161566470183042       0.768293857855098     
  0.606667556361214     
   8.49281169179783        2.09500540588805        5.87727549475899     
 -6.562102614448959E-002  -2.84730158612235        2.16354317196968     
 -0.810828146352434       -39.5908317575587        16.2782527133974     
 -0.150713808206948       0.972258936480590      -0.175407897477020     
 -3.507104150425852E-002
   5.64928203107058       -4.72346634121545        4.88093819154213     
   1.63712441354760       -1.55970612260043      -0.341760791674393     
  -5.92245781543898       0.296086695854640       -7.84150140592612     
  0.233420551130123       0.559469080799589      -0.552020352431714     
 -0.572523121315143     
   6.41058419503992       -11.1948015296873        1.99648988239448     
 -0.749086445961105       -1.85503739985513      -0.173408354345959     
  -12.9329849480966       -15.8418052226939       -3.51364016469882     
  0.370061671270550      -3.430819336372290E-002  0.806903527756453     
  0.459112191320042     
  -10.1852934888596       -3.60395607390523       -3.75933041151777     
  -1.61685593113175       -1.36015469885164        4.97096365715114     
 -0.555683946081419       -22.5467285491625        8.37608884733494     
 -0.591350286228187      -3.024974369279002E-002  0.791500397488376     
  0.151383330522754     
   5.88071538936476       -4.32425316106185        9.26269491677445     
   9.26684164793963       -2.54424162895274       -2.54885348533182     
  -22.1581937130411        13.7606277908126       -9.22090102910187     
 -0.386975370775078      -0.205172357844606       9.342963585055615E-002
 -0.894105848954586     
   4.54131479958481       -7.85392097073961       -11.4062416906849     
   2.50076242737347        1.65192204389161       -3.77158420230239     
  -28.2908317157070        4.28048454691807       -5.98529834604677     
  0.735065315273149       0.172892852712154       4.270376179380830E-002
 -0.654189141221455     
  -4.24738243750757       -8.49801395295407        10.0558033054114     
  -2.99441164561454       -5.37316978349384       -5.41125555895614     
  -12.4434550245955        17.1444929957606       -18.7695056099447     
  0.364903983677147      -0.209967808614516       0.174695474467587     
  0.890078700589336     
  -7.49094571613148       -1.66392941848503        12.1602436724321     
  -6.08124804151338        6.11563947975611       0.505371515709445     
   1.53211445245777        18.3863951617628        18.5828488156179     
 -0.222724434344843       0.830254177050063       0.260891674970563     
  0.439326031288505     
  -9.94759324510463       -5.57200332976970        8.48615129055835     
   6.82489705572862       -1.36964943436214        1.01132750877897     
   6.65966100196522       -12.3181942548366       -11.2540596198006     
  0.730805918344481       0.365352144855736       0.105439373371852     
 -0.566853648223964     
  -2.27787056983298       -10.5812601003384        8.89699502564184     
  0.323304120174935        4.98750785439364       0.295595394555948     
   10.5400120062264        24.4572598900087       -5.95346105904257     
 -0.172708185008595       0.413658065742312       0.449664245282068     
 -0.772567766601837     
  -6.44771178079372       -3.62518542192975        5.28207068886304     
   7.06846453346028      -0.388271585479597       -1.60819246723377     
  -15.6460744027933        43.5270233868482        5.95840843318015     
  0.462931180923192       0.388639028106948       0.789410526324255     
  0.107170184704984     
  -1.27700877823103        5.02119620925157      -0.210214639413104     
   1.05979890544747       0.426485529886509       -3.15817359770608     
 -0.921453553025425       -9.40295849738990        12.1709542137878     
  3.312019605940487E-002 -0.859088211969861      -9.786673724009435E-003
  0.510661059495194     
  -3.36909136509255       -3.10270654981486       0.700242745026585     
   2.50581293774647       -2.88878907407016       0.887804900063876     
 -0.935819236012462        30.5001824222714        8.44192909256256     
 -4.975472399132344E-002 -0.426146002997674       0.534639294325384     
 -0.728069280036384     
  -2.14195589255447       -6.89251616565553       -8.18820221548613     
  -9.91876366742989       -3.05218289976868       -3.07892224930898     
  -4.30476390950292       -9.93620107437132       -20.0279518681718     
  0.316781838114149      -0.170055495243495       0.706626004542147     
  0.609434233763915     
   5.68701583357660      -0.903911658338918       -8.75657788795878     
   7.16544699219070        2.21665060780422       -2.23928188649136     
  -9.67304970600932        6.01480863184278       -10.4383863200110     
 -0.258441595500968       0.916782791338781       7.412516935270522E-002
 -0.295334919182398     
  0.245326366037177        8.46182042362947      -0.666227125252835     
  -3.54431157922621       0.314068099025334       0.554005885300827     
  -4.81022102601215       -36.0937302723392      -0.915496415174655     
 -0.336936751697750       0.314009143981503      -0.554627721990735     
  0.693007916874554     
   7.24594745077879        2.20128246450776       -11.0771671281264     
  -5.44739721571588       -7.33823714164976       -5.37894375437945     
   19.1442113830827        14.2725938958748        9.54447187762744     
  0.241256450144209      -0.893936264383859       0.372381862641378     
  6.328529733688551E-002
 -0.412582252795824        2.68654155210641       -2.44786144722596     
  -1.88197568261114        1.46211458919229      -0.848682099140895     
  -2.08911901584064        5.05588041741850        28.5253527359055     
  0.836642529129579       0.327931498230529       0.397730624041179     
 -0.185204107999471     
   8.15963173852069      -0.627980049799614       -7.45753225279701     
   5.98277945565838        3.88749060093252      -0.189089683926261     
   1.97888684542961       -32.9865063384658        4.72354821026452     
  0.196882325978084      -0.664283197782003       0.692548328392330     
 -0.200853169511858     
   5.32829930345980        2.13351431827019       -8.86613780504840     
  -9.71310357794695       0.480044909338417       -3.23811801721161     
  -12.6247934802870       -17.6991769743183       -24.1060048348889     
 -0.370512004486911       0.723244305041323       0.572096752809000     
 -0.111102813564008     
   9.10895378575669       0.426894807516914       -9.99729483877979     
  -8.69702727388817        1.38810421267716       -2.15352319134313     
  -12.6539264500562        23.8160112914345        23.3009481162747     
  7.468947597076314E-002  0.515706459834509      -0.852849852257702     
 -3.339848751488916E-002
   8.60566732487933        7.00069195454164       -5.86386504953492     
  -1.34181295376229       -6.68040613561623        5.90167916011035     
  -4.93589323588455        7.15143185356056       -13.0837342145082     
  0.664412376169914      -0.361081476463813      -0.631833606981811     
 -0.170184179157085     
  -7.47865406358512        4.53450517768255       -2.43316010021281     
   4.80420869483918       6.519836090169373E-002  -3.91729638036779     
   6.54716779568345        16.4213048702076        3.16481204582559     
  0.352017866264531      -6.128484037387814E-002 -0.737473817826551     
 -0.573114262770754     
  -13.9784140343041        2.64629886822405        1.55731467775158     
  -3.44652229938235       -2.61200903254308        1.49149253664713     
   26.7479159734194        35.7298225587889        11.4058575031032     
 -0.737312955487528       4.763637056420847E-002 -9.986437872793402E-002
 -0.666428906734177     
  -5.67867177593187        2.76564873396185        10.1465995621877     
  -3.69046673317359       -1.86597431321186        4.18614697297781     
   2.40489768169428       -25.9704787851914       -12.6404225690961     
 -0.405856898103144       0.189107059026944       0.565153005757842     
  0.692907481970709     
  -6.42378929389085       3.199748673027728E-002   7.99265272190002     
  -6.64895852562498       -5.03017824634899        3.63686405555124     
   10.9858692915680       -15.7117373013406       -20.7584653765667     
  0.468184697799923       0.364488189127025      -0.192019509204718     
 -0.781716033363479     
  -2.67538437193614       -1.56303045820968        8.23123886758699     
  -4.00444291859417       0.582974167460284       -3.31434157675951     
   18.5700577445271        41.8890130451706        29.9544009538326     
 -0.209620357875660       0.609316201085341       0.611633733186579     
 -0.459017700189372     
  -6.30143267523387        5.52987075439805        1.43136418364558     
 -0.933255470077682       -1.12187433334364       0.636004380534533     
  -31.4790006085246        17.2304956220062       -28.5479092394236     
  0.733279299696942       0.393756682297225       0.554277959173353     
  5.752195827934989E-003
  -1.94124133925351        5.81601677550973       -8.89901620117637     
   6.59933789429470        2.26740760135138      -0.184115977594754     
  -17.6936184298316        27.1780400616933        22.2371581545917     
  8.866698103411010E-002 -0.381346096770808      -0.229238902443328     
 -0.891158149016596     
  0.692004678459450       0.689407914827902       -8.68510653311342     
  -3.92713581408029        2.76958711429238        3.03321371555063     
  -22.5388443826370       -2.64997122550417       -13.8207036238554     
  0.691770770524257      -0.497539523767817       0.496467279928385     
  0.165613596355636     
   3.13282164651435        4.35333347683700        9.74662193536191     
  -1.01858333644567        6.75342663836762       -1.86278279278899     
  -3.55656489017642       -15.2252321144865        25.3237812782437     
 -0.596404847851795       0.511415024272982       2.824166429741037E-002
 -0.618027781579840     
  0.548729691841135       -10.0501723201035        5.72361499120514     
  -1.59748174027004        7.54517158147083        4.19818191905156     
   14.0135333411336        1.62796906869455       -8.42754726887028     
 -0.313375252307594       0.629119497402231      -0.672292083718878     
  0.232439160638659     
   1.17998674764748        1.99333792075121        8.23078622880239     
  -3.51538261201153      -0.643594934121020       -8.35400418671017     
 -0.215136966827417        5.60443678156491       -3.70204627636387     
  2.932453709108746E-002  0.873555651713063       0.315355849823779     
 -0.369582579224758     
 -0.130890478677657        2.09738460269111       -5.16634757486140     
   2.73369206419081       -3.52099306250575       -5.15101946561418     
  -25.5494194768866       -12.0425552061925       -4.02756724603933     
  0.468118257409550      -0.393701540406037      -0.191470330526541     
  0.767595926702189     
   4.32864450887356       -1.31304590738365       -11.3068416271256     
 -1.423361613426277E-002 -0.981369447165824        9.09528053855336     
   11.6610468196458        12.5158581756766        2.02343580740056     
 -0.229486175561964       0.318868248583768      -0.903313881466659     
 -0.172288034467592     
   4.15014168098348        9.15653360446105       -8.39405371382500     
  -1.95267508530767       0.292314847741552       0.998163621097809     
  -4.49956530879227       -23.5341529489853        20.5260093093524     
 -0.863232994973348       0.160905268931533      -5.044980333296040E-002
  0.475807847941830     
   5.56353633823197        7.21449003013788       -10.0849051875156     
 -0.802113981288588        1.27634960177416       -3.30919268616271     
   16.2216106434410       -13.2527286693379       -28.9104019748128     
  0.261796574143062      -0.579752043825591      -0.401437311244288     
  0.658937179545850     
   4.71948126464930        3.43351150201099       -2.41100848477217     
   7.12213945077289       0.211556307964281        4.19300170611367     
 -0.521624389723548       0.833480093774713        23.0684137745370     
  0.663554207485139      -0.415020226127884      -0.621198530956747     
 -3.957790760990855E-002
  -4.49657286416595        5.04229798790268        11.3526312038305     
   6.29640812500749      -0.375848689535349        2.90512982786498     
  -12.0822364366174        34.0373091042338       -8.34854981576789     
 -0.580164177102193      -0.401455596495462      -0.314240129343116     
 -0.635213407257884     
  -9.06187949432564       -8.22755802058264       -7.33841992634955     
   3.65520294159523       -3.71140771088253        1.34554754887926     
   22.8787567828744       -29.0677441299072        19.9907540695039     
  0.463667456985377       0.709950666354904      -0.387476945476490     
 -0.361723868992776     
  -3.35682029114960        8.26255356077927       -7.69728466533412     
   2.53246887845881      -2.846158277553396E-002  0.686012585655896     
   12.6508731866681       -11.7288807124249       -12.5486115207234     
  0.962718811546475      -9.421240985726738E-002 -0.119922129384570     
 -0.223417086650136     
  -7.11383885814820        5.58781379405038       -5.81264475152727     
   4.52645982876548       0.106097712677378        1.20398901444994     
  -25.3063566372366       -16.5821963770382        6.22460609128088     
 -0.306317985246648       0.197609228794900       0.627736302493249     
 -0.687798676315579     
  -3.23300576415454        4.10636895414655       -5.65832246223922     
  -2.18609975455651      -0.108715168924503        4.60568860543745     
   14.7139353570014        4.81474186683953       -6.38435537373422     
  0.587599583572370      -0.247853358140040       8.387764949920595E-002
  0.765676160108737     
  -6.06978097447109        9.35221811458761       -1.32819147476469     
   1.43798062772446        5.60935500783992      -0.322261912926555     
   9.99270072121650       -4.89906434145701        3.57440030570415     
  0.292543475504140       0.435255592325395       0.571981735113032     
  0.630720048029769     
  0.455733410063829       -10.8983168766848       -9.71282066451830     
   5.83970147365207       -5.34904944112278       0.248091388923580     
  -2.06358384520190        15.5191457020657        12.1043130536315     
  0.592005716099752       0.275670626692750      -0.385263977833062     
 -0.652001997748740     
   4.84895462338864        4.68541672189690       -5.59045168646586     
 -0.299963955925424       -1.23112319341637        3.15687653656249     
  -10.6276278620384       -15.4820700314806        4.97019915512303     
 -0.667524045835391      -0.689261390628888      -0.127708938683458     
 -0.251039460245531     
 -0.959545673166893       -14.5229087838914        2.49143699217015     
  -5.40442719283286       -3.17742240433416        4.91602157258277     
   6.11955513699488       -24.3645571902088       -18.1626545084786     
  0.331158516242522       0.902897216847961       0.272530492103752     
  2.894449518892434E-002
   3.63472230837771        7.68048790182712       -11.9393774664768     
  -3.80518587288263        3.50991195867291       6.176949180946903E-002
   8.92264538539609       -17.4097765249937       -22.9336918813043     
 -0.733050711339799       0.606903173994595       0.233584801420146     
  0.199357298700282     
  0.920641379466961       -5.06226797241025        5.75223193787771     
 -0.573544217811658        2.11338977780095       -5.93592246654864     
   5.00694720538224      -0.642306353328414       -11.8637948919947     
 -0.117798986222881      -0.293410320260600       0.722262587727199     
 -0.615118311529442     
   3.35130981143014       -6.62834488938031       -8.58801721748132     
   1.80828659188686        4.10126466117077       -3.75346058692101     
  -4.52144065298177       -25.3663700651061        15.4066013481807     
  0.955603512797415      -0.137509545774207      -0.245049818753467     
 -8.867715308527838E-002
   6.72519332600172        3.85704144072506       -7.38831646038457     
  -5.37186763770846       -3.11654015046611        1.86864440562249     
  -1.78858549105650        16.2457201837762        6.01791656611883     
 -0.142044853497744      -0.322483980059431      -0.915296177720499     
 -0.195090361755966     
   6.03429805494727       -8.13316610364093       -8.19336103517719     
   3.44669162025033       0.340154162712063       -3.78201892843201     
   15.2679576750292        14.4672562181352       -12.0353203163153     
  0.363531684720037       4.999956944453722E-002 -0.545478138276067     
 -0.753523959753715     
  -11.1141433720242       -7.68687350310475        10.0933788090687     
  0.863338064490835       -3.23443477343042       -6.53508953091159     
   4.03383573108611       -13.5911009950751       -6.94786672828789     
 -0.202451323636069       0.634787465245321       0.198638368904966     
 -0.718749701860384     
   11.4081264824194        8.83134255914001       -3.64151097995613     
  -5.28461956816899       -5.93676378966513      -0.234953505270673     
  -2.70071542918764       -22.5776063116635       -6.11302626581063     
 -0.664872113942645       0.507609612864417      -0.136376881407978     
  0.530734301931288     
  -3.78327779531895       -6.78123410679389       -5.04569858661229     
  -3.02268175857076      -0.608186370307502        1.83912305617441     
   10.6488257236734        1.36408078948941       -4.72462234736971     
  0.395052012468207      -0.840375245830956       0.279037601634604     
  0.244624958892919     
  -7.39271308842608       -5.85313715342037       -8.77884790658326     
   2.17536433042580       -7.26402770970031       0.629028051409881     
  -3.13611957622452       -21.6611721064384       -3.69038185019699     
 -0.100536086660725      -0.572380870059526       0.690095292823269     
  0.431324844742379     
  -5.85108559699370       -5.30020114430843       -6.55593545021406     
  -5.93781744006681        5.75246781765001       -3.73658657641636     
   8.07146101290662       0.430481303647583        19.6214740798529     
  0.331439470577502      -0.508315927856195      -0.579312525353511     
  0.544205653038851     
  -4.70577513732322       -8.27062825074643       -2.70950160668770     
   3.69156919117852       0.377895397881634      -0.389627825586057     
   2.65646201721319        24.5519666040197        12.5707322489056     
 -0.134821981992729      -0.187594926880747       0.898685271453982     
  0.372821618809554     
 -0.328222588964714       -9.06268136926640       -7.50494790822469     
  -5.53567206803228       -1.45574231968137       -1.80324164172965     
  -17.6472514967355       -14.5695353168421       -25.7202396020422     
  0.831568058152941      -0.175220193256339      -0.400416375429609     
  0.342723175205216     
  0.142561041758930      -0.742801664411779       -4.37860295934385     
   3.40196155662413       -7.62527311254693       -1.44361498937542     
  -15.2675844699186       -3.75130778062526        9.59821847453037     
  0.119801691546888      -0.606808174010318      -0.780428564528923     
 -9.144752770880443E-002
   2.12948701366560       -7.87505386785447       -6.48177486211773     
   3.62148226603551        4.64893326649000        4.08007404802303     
   8.06954220297284        15.0281880301782       -19.3324061008174     
  0.381578410049326       0.325455308249094      -0.566133783407529     
  0.654193624702606     
  -2.32719441490594        7.42500394435112        1.54960963743048     
  -6.76176900417708       -9.47745059656180      -0.995731514212942     
   10.1834427346161        9.61892596566857       0.991194161417996     
 -0.852849477164786       0.248108213330753      -0.172547845585874     
  0.425813720729177     
  0.950489463444502       -1.34112690441095        8.69639373780918     
  -2.90675110932831      -0.539286705839483        5.69186987156842     
  -5.04206652783918        4.76123785129881       -26.0874804763709     
 -0.845510958689921       2.502449722812434E-002  0.381480490899059     
  0.372770208489417     
   3.44410183879538      -2.894813315787026E-002  -4.92849147723730     
  -5.54935565212302        5.29402805954901        3.65440302281652     
  -5.05762742557966       -9.97156759076031       -7.93850402185713     
 -0.642267300078241      -0.298574891937414      -0.660482942746062     
  0.249214830009050     
   3.52995209427260       -5.54040954757557       -12.7647343625165     
  0.568850516147673        3.96019048205390       -5.09207105038288     
  -10.0532429325516       -7.25210902348010        1.02220235819152     
  0.988361296076632       0.119105528972001      -5.136091175594430E-002
  7.948508117621254E-002
   4.01873373176145       -3.96581489309553       -8.00727429232024     
   2.97552539593447        1.17550569755020       -6.05901176598967     
  -4.74700920698132       -21.7517390286711        26.9401275478094     
 -0.427303168176227       0.570254863785615      -0.698190727071873     
  6.892823388233660E-002
   6.78122199990691       -3.10162668948839       -6.75943882604875     
   2.78816597290235       0.449870002126523        2.37274873673754     
 -0.513025206546520        22.8551166964160       -23.4975688622284     
 -0.325084347091759       0.791263211942811       9.754396967122385E-002
  0.508633336188877     
  -10.6705865825044       -5.67730791841627       -5.60725998269694     
  -1.73465079443761       -1.91135679734197       -1.71096935162864     
  -8.83049814003971        6.56488442174387       -19.9266961256764     
 -0.302806519698147       0.616596840882445      -0.723679016127350     
  6.637189962002993E-002
   7.30501625966066       -5.97703573190681       -12.2546421456562     
   3.79434307045079        3.41480140418053        6.52280424805099     
  -9.31032107364635       -31.4079390190996       -15.3320518816084     
 -0.699568263460172       0.411361250720066       0.584207635827563     
 -9.359722545071326E-003
   11.4720524574123       -6.19167632199835       -5.15191989986888     
   1.89910931381385       0.949956361725335       -4.64551212915500     
  -1.15740497632328       -23.9802686198345       -15.2447102192377     
 -1.305049771380145E-002 -0.117414518757317       0.395910915158901     
 -0.910658038207785     
  -9.51838396722857       -3.92565618894900       -8.05532083402541     
   8.80722393897904        1.06322308932808      -0.135843732690346     
  -4.61354808433688        31.9110741500861       -1.71487078964459     
 -0.250994879674329       0.299657245341000       0.754261571959982     
  0.527538232506699     
 -0.390799628711029        3.76287048306090       -7.54293577499218     
  -2.10124626460912        1.18740847667075        1.14063976496029     
   11.4840467088514       -6.46695893885326        8.82238870063550     
 -0.641658605418397      -0.173941043020648       7.906678162624625E-002
 -0.742810333590393     
  -6.22997236278341       -4.48950324221831       -11.2303933017578     
   5.89211142444046       0.973807811590274        7.44664198852792     
  -4.88778775239595      -0.539638095491466        37.1913714138908     
  7.499513109380913E-003 -0.514859225917933       0.848013893085690     
 -0.125443899508616     
  -5.96288489987639       -3.84677733525767       -2.83634769902232     
   6.42414647306043       -1.00948693202423        1.20338328576196     
   3.72770615087523        10.6648921120597        5.75432834182564     
 -0.604554670447664       0.677782664060006       0.128508020179986     
 -0.398258709244683     
  -1.29908059412520      -0.617246327424985       -7.03678626019254     
  0.614844517310319       -1.47183274751627        2.37344759571074     
  -6.89772010102432       -13.4880338653791       1.264885824378893E-002
 -1.930871007594185E-002  0.958257931831876      -0.184819648058811     
  0.217280020912912     
  -5.28688704757243       -2.06501064963593       -9.97429654215890     
   3.60090466166622       -2.70280128209768       -2.08763989193504     
  -4.38496194473457        13.3954972689767       -31.2185413288850     
  0.799427834329850       0.573637111445420      -0.118057117985017     
 -0.133858578224719     
   2.14923876761301        1.75523625403733       -2.47218296433675     
 -0.445155097413840       -2.48353903153101       -6.11696195462763     
  -14.8610378997309        26.4523909800695       -7.47133573908111     
  0.772921228770371       0.606766281709337       0.173630060261472     
  6.542213440408616E-002
   1.76963237890745       -6.49473294251040       -10.7370722588044     
  0.166724317959817        3.76411986901750       0.402003940918662     
   1.62723466757615       -15.0892251251306        38.5440990514596     
 -0.193587225074229      -0.359429473432278       0.295068115711662     
 -0.863868767236461     
   8.41685853820926        3.48362482006663       -2.40308776954794     
   4.67602577266835        4.22925277287067       -1.19724393393663     
   10.6590511415832        4.42794135877526        2.58510306385916     
 -0.732552540055409       0.534233680640062      -0.125154871195976     
 -0.402861525519856     
  0.184255273073204        1.73280064345502       0.477879758267734     
  -6.32603099388900        1.95652024025620        3.27862539298144     
  -11.0190044804224        1.14219987743032       -7.00848233610854     
  0.291644288066869       0.676217156475252      -6.879584895376345E-002
  0.673008987824975     
   7.87498105686692        1.72277188160532       -5.96095303594133     
   2.93151153649379      -0.432953393268733       -6.63330730985210     
  -2.09283803234800       -14.6984649381270       -12.3749451055832     
 -4.662890995270000E-002  6.889503991239804E-003 -0.997908997148318     
  4.422570408586277E-002
   6.18068959212686       -4.48721893895269       -4.28970611865109     
  -6.31062085108129        4.14348240045528       -6.01426009116254     
  -22.1647596883141        27.2019708774783        8.13959448061438     
 -0.180674446655083      -0.513733724764085      -0.836459113790736     
  6.140484770977411E-002
   6.93047587465880        1.07087340441846       -1.85425700814831     
   7.04341139384934        1.34272564533687      -0.638924796512655     
  -2.21002069695759       -8.83007701001518       -1.99065557019361     
 -0.685028419506967       0.572421825581072      -0.375299386527210     
 -0.249438747067225     
   2.47545056218122        5.18425294633029        2.17090597787168     
  0.861544822050091       -5.75379448197166       -3.09862642724536     
   10.8610059647804        6.59227983947056       -18.4384271313369     
  0.420476776073081       0.171095350666872      -2.129222586418444E-002
  0.890770623045669     
   9.15686686653093        9.80816960841559       -5.22019608806857     
   2.50530368767990       -7.30539623017625        2.61452400370431     
  -17.6302593369744       -10.9089360428269        26.2105843523597     
  0.807714313408294      -0.117029528306366       8.941813823203341E-002
  0.570881838890425     
   9.93921429911056        6.08995079602628       -3.32998604825047     
  -1.14615542891549       -1.06405540122442       -2.56043726705704     
   3.26984645295662        21.7976690655225        13.8221515074637     
 -0.122214068429339       0.150212979647416       0.865600626047038     
  0.461774120550518     
   12.9450971323192        1.59119007486860       -4.96868210135165     
  0.745593240398296        1.63821495446307        3.12103684757180     
   14.9669601377359        8.42128029882812       -29.7327677510703     
 -0.493061351936629      -0.540449182695424      -5.015454500608932E-002
  0.679918896461387     
   5.29192744251760        2.02250953314213       -4.74615712377386     
   2.06379021966148       -7.64572906348915        6.54320774451998     
   6.56486761572708       -20.1854139245937       -13.6612800762365     
 -0.772676306377539      -0.270553933712731      -0.216385736539070     
 -0.531929607690417     
  -4.36640511203447        7.52543308785054        3.85468273860813     
  0.166882419279502        1.81658454197647       -7.67208110167569     
  -2.86204953564172       -6.65405247650440       -20.7936491008161     
  0.885127152587507       0.290745735803209      -0.354681110641463     
 -7.885525105338792E-002
  -4.47892071732002        1.32738654383209       0.928166752416952     
  -1.58695095277003       -3.35160720602881       -6.66106486321319     
   12.1985230961991        8.06625390679353        2.00324113683924     
 -0.373382654950271      -0.769960471038324      -0.516638444946182     
  2.882677963883682E-002
  -5.22634539490719        3.63846310794935       -3.43763082122683     
   5.25731522820356       -1.18761555492532       -1.25182849461688     
  -9.00271048355838        17.4642523274048       -7.57546734570825     
  0.696918961659750       0.164929754688642      -0.548134626250793     
 -0.432030749371374     
  -4.25139875712859        4.67481904404041        3.27852473966678     
 -0.773525446239452        2.47786938430685        2.15114911568304     
   19.0168666808007        23.2322955901064        19.0446379289600     
 -0.610768104972564      -0.493556318397074       0.110099677074636     
 -0.609296761542971     
   7.94791941153292        7.78320507535129       -1.22478650756901     
  0.142861464305655       -1.20077161305963        3.69567844922521     
   4.20402452285681       -12.6866949089324        8.34832897965465     
  0.575583391361883      -3.770217613787340E-002  0.289641880091444     
 -0.763799637863278     
  -1.22035300364436       -1.26058690101469       -1.41190535863175     
  -7.17301135029295       -2.40570340211787        2.48723104796810     
   7.70773634006878       -11.1707553374446       -1.84777087528719     
 -0.118276838937817      -0.881860639675705       0.122234849059027     
 -0.439762485027004     
  -4.38124661017247        2.30726492754914        7.78735940876290     
  -4.07529052568782       -2.92421848940487        3.89588965872301     
   3.62553330511478        18.5518784678423       -3.05116469527557     
  0.945098247374369      -4.905207812242228E-002 -0.131791010606326     
 -0.294981907860968     
  0.745862324128207        13.5572476443798      -6.228058715818383E-002
  0.778812831659802       -1.05068526089052       -2.40538306663189     
  -16.1252539144740       -34.8878971689238        21.8540905136250     
  0.557957344871891       0.660703993992746      -0.335026925343380     
  0.374046511707599     
   2.04688726403436       -10.6524134218208       -6.62937531298935     
  -4.26534694309863       -5.99492087880839       -3.28143324038858     
  -9.83925903817793        36.1135675338888        40.1087854305158     
 -0.473795297605661       6.698700779322013E-002  0.573839843452773     
 -0.664634178191235     
   2.46426749813640        7.40353229841584       -4.37185085697518     
   1.87195248473656       -4.29363263499217      -0.119432698795099     
  -9.92526106755695       -5.56798074405325        13.2921600907186     
 -4.999807164502031E-002 -0.234260714243486      -0.388928144322415     
  0.889582491480073     
   5.77847561943869        7.11969213809958       -5.23997324202151     
  -2.22696779448306        1.22657498611034       -4.65111156840181     
  -10.8499668647084        8.47778073859581        7.53696343382663     
  0.397418779244538       0.849138550052421       6.245686270908471E-002
 -0.342229713817011     
   6.53860097274752       -7.42542435561222       -5.34949935293610     
   2.36712712891107        6.87069256444565      -0.557162341264785     
   3.65464106743394       -15.9469437593759       -28.4298329556316     
 -0.646017060689359      -0.376146216158449       0.131025099818880     
 -0.651159277431741     
  0.617371357054421        11.1195338942296       -1.18955179126138     
   2.21897249637061       0.392190032945896       -2.41899383714895     
  -6.14070773201940       -14.0963806727402        16.3006774947809     
  0.594779521925143       0.213379351561850      -0.613361221550951     
  0.473808594817454     
   6.49139617019937        4.61274609399289       0.101255490391311     
  -1.15608060181326       -6.54515231864964        3.78633335504748     
 -0.452449005399751       -8.45088150041660       -14.5831131304888     
 -0.821838731215014      -0.316925070159866       0.418862888807679     
  0.220665992302233     
  -7.70000730906929        8.12720059675801        1.55274022514410     
   1.34374644656535        4.16115371738688       0.284046525330313     
  -1.35504929890890        1.24554338246335        17.1771437744401     
  0.922572385388000      -0.153606947734957      -8.701200604460498E-002
  0.343065606161742     
   9.67850420816830        6.44180259344377       0.689833182385769     
   2.95972788950072       -4.37124434948187        7.29117092499875     
   12.3045595657503       -7.32783384356118        3.36732897903237     
 -0.653679291920323      -0.256925242874448      -0.696025045046044     
  0.149137317788645     
  -2.37048684937500        10.2128784719726       -1.39042116804061     
  0.360695204495337      -0.125461973848004       -3.59891293671823     
  -5.75080022439712       -14.5616235506493       -21.0300501302272     
  0.575615076415813      -0.127093360625207      -0.710695204599702     
  0.383962091418950     
   2.72528054441406        3.27205833933852       0.209175080407935     
   1.14458693102082        3.81109456471755        8.88637238166024     
  -10.7479410076232        1.56519421932007       -1.73417072497637     
 -0.910046740712944       0.175886585897614      -0.237524161296493     
 -0.290621938985199     
  -5.75102311433121        9.62385604035169       -4.71385617808500     
   1.75744290234452        3.75444974840738       0.916765913600133     
  -20.2601850403152        4.12297694995318        8.85707514785219     
 -0.320306161813499      -0.924171451456463      -0.198213088901417     
 -6.342446220137447E-002
  -4.48053930235241        7.07369235183869       -5.40543022265416     
  -1.93059246721904        4.94636407364089       0.240552168403982     
  -7.01794906320465        18.3066080588177        11.8375051349690     
 -0.409573220929548      -0.270417057173524       0.586338789045503     
 -0.644461958805888     
 -1.235517795735402E-002   5.49353165281183       -4.87957282248420     
   4.24902428634287       -3.72037525798973       -2.94306716038604     
   4.54123517539328        15.3265504843087        7.71510361390882     
 -7.745860549182229E-002 -0.465845643225891      -0.248805961008024     
  0.845626155514200     
  -3.79586661100055        7.45462873074076       -1.43945789725644     
   3.01450852687171        2.24054889565526        3.53035468134884     
  -11.3374083405419        2.70762648474846        6.47608331786170     
  0.558712742743934       0.558617943719714      -0.167701258545154     
 -0.589628995159286     
  -1.74049513819439        8.38583485240894        3.99436884302199     
   2.30092721915842        4.19744364371214        5.77413347422980     
  -15.9474349764134        13.3323784626129       -9.15778440332931     
  0.732508930001425      -0.318086761558124      -0.532966029555300     
 -0.279640288459691     
   1.71260691445756       -5.37742642598826        2.91158828377465     
  -6.86518545398957       -1.32278163519646       -6.16244444407156     
  -6.51760417014897       -33.4862582390647       -19.1620662654759     
  0.335173325900998       0.482032941322892      -0.459505782963423     
 -0.666451438971466     
  -2.27433754524507       -4.21161230140674       -7.09866057298220     
  -3.70259391502697       0.235380976728911       -2.32337356295400     
   6.30795858017395        52.4906940804656       -11.0302459850552     
 -0.724856295229481       0.444059233555368      -0.313489299541793     
  0.423224771762177     
 -0.291299760786739        12.8663366758852       -4.49360552220368     
   2.08835498484627       -3.23218348074909       -3.60748465321635     
   5.45553552336363        21.2418655567882       -7.48171138668390     
 -0.214216184987303       0.369604342823712      -0.648613049115327     
 -0.629924732307381     
   3.05053016628345       -5.36177717489261       -4.62775291634128     
   5.24704295103064        4.74924973294549        6.98026833982110     
  -2.76666499287243        3.10351816418337       0.676354513680711     
 -0.792185295573674      -0.590804417147470       0.150611923720691     
  2.662041676736279E-002
   8.09359456527209       -8.91560903526081       -2.63405557760162     
   1.73064831826815       -7.00636835783484       0.881671741782610     
  -2.92981741848473       -15.3599901968004        30.0014672441145     
  0.116777607811324       0.306743125563076      -9.925598167315482E-002
  0.939372075024508     
  -4.94247450665980       -2.82818861678038       -6.93161892165479     
   1.86542507120973       -4.33664436142767        2.63699810455774     
   5.37776592274856       -23.2169930772952       -13.7611266839895     
  0.491476406527092       0.688916603175351      -0.277899592201051     
  0.454551066823991     
   2.51624400457375        9.77641312818019       -10.7454687910697     
  -1.25697388090579        4.19603163433910        3.23394768642639     
   17.1596241384502       -34.2085426889686        1.79395294919604     
  0.719986500552331      -0.166739047318222      -0.249696097486533     
  0.625675145760008     
   8.75484394810534        8.83800494937344       -8.96564786990899     
  -1.53928842886854       -1.81141051972889        5.05193574977765     
  0.114303201929040       -15.9709215881262        4.40224666118112     
 -0.730090476231659       0.562789580904745       9.464318310170038E-002
 -0.375870259575093     
   10.9444367171998       -9.28306141709403      -0.690288773888046     
   5.28643699851422      -0.173750969219381       -4.63256306667788     
  -7.18312572944061       -2.50594259079196        1.33360818061555     
 -5.406463817888895E-002 -0.772496863966622      -0.517753973449516     
 -0.363670775616501     
  -1.83943048383187       -4.90787347693501      -0.981433656986595     
 -0.222490771764699        4.98334692216161       -1.86539352130429     
  -9.63545803838210       -7.14688330017212       -1.66300479509660     
  0.768309030186997       0.118049251309808       0.555200988682596     
 -0.295833518324768     
   8.52612657161158       -6.75687248124641      -0.846030474643602     
  -2.40624484421626      -0.844912575702660        2.89365042762276     
  -17.2741694534896       -9.55698081298516       -21.9742636441320     
  0.627174858461083      -0.548583061766123       0.514401554250726     
  0.202729776406858     
  -5.04770597400215       -8.30695420930650        2.83448945490580     
  -3.13639836375397       -4.27499873745110       -2.15532790462634     
   24.8510325361480       -17.3807858268829       0.893582569821017     
 -0.714956549001279      -0.413470889317376       0.560786686079010     
 -5.828592835044624E-002
  -2.36570355153476       -7.39296681977162       0.498167745357156     
   3.17321092623084       3.684267065403560E-002  -4.64485493365952     
 -0.126909790835247       -18.6110166364622        20.5777769504937     
 -0.105528169836979       0.564780181869079       0.504823269107263     
 -0.644236461640306     
  -4.16055156278783       -1.06241482368366       -4.76030305537154     
  -4.81589201214087        1.21823878645926       -1.23902065864095     
  -1.84893569263778        4.14496227078551        13.7132965812058     
  0.529524509109212       0.584097017899202      -0.486495769490712     
 -0.376505423867076     
 -0.124157292518469       -8.04397486089512        1.76028868224062     
   7.97580061584061      -0.289382939160708        2.36977073326435     
  -4.11080608229955       -16.6903879853947       -7.50883838637752     
  0.193035481753979      -0.550173318581672      -0.811568999680934     
 -3.744837862674781E-002
 -0.195679550253382       -3.80915316438678       -5.28848230105116     
   1.03807346115936       -3.02056963553725       -5.68502538472013     
  -10.6886242203209        29.9537204005713       -1.68136689724195     
  0.707719645665977      -0.532244630113048      -0.118409323452872     
 -0.449252477982643     
   3.25564507482159       -1.63619631287500        1.62737614803618     
   5.86199915530760       -9.27038298507952      -0.680000028440797     
  -11.2732141793761       -29.6265514808971       -14.2074851945991     
  0.172037051749232       0.103493283602415       0.757269800967829     
 -0.621477949421247     
   2.56391695970696       -2.63834064245028       -5.94460039347576     
   1.35004230082094        2.19473360352099       0.966225115308270     
  -14.5522943323520       -4.14404359322593       -19.1904089898033     
  0.439405895809419       0.811846444983432       0.181207090062148     
  0.339104407236313     
   11.0435694266949       -6.93076592659775       -2.60157321476936     
   1.34569296823528        1.88428811260594       -2.85237574793069     
 -0.543076968203427        4.10919505718184       -2.99578180353202     
 -0.560164603140579       0.287971987969087       0.418014356058118     
  0.654638640520730     
   8.09425869364476       -2.37686207115931      -0.776263747208462     
 -0.830250074362817        4.94508929685091       0.814197232290621     
  -16.5030401906811       -16.8822449928752       -21.6050588331609     
  0.446437562119427      -0.821616607981315       0.283436095454548     
  0.212846499645892     
   4.97936871021959       -2.22123862316108       -3.24450469528287     
   1.83515924533702        1.63754038308612        3.78932027222061     
  -12.7256870605388        10.5166189577148        29.5908849879313     
 -0.756557237570067      -0.644532499107169       0.110433449208835     
 -1.859346901768777E-003
   7.91029803819696       -1.07966555631523       -3.74991146472478     
   3.51759462996556       -1.04935061737119        2.44482939110112     
  -4.91474646417717        10.4831183302987       -19.3910699142166     
  0.633793293460660      -0.100404666257438      -0.443382824657029     
 -0.625808784659769     
   2.41560115683561        1.90624788991457       -6.43028859780652     
  -1.54396042508518        3.09568913378538        1.16748612068929     
  -5.29283733761968       -31.9194614914870        36.5589250402943     
  0.533236287329571       0.180683479105293       0.236579158374751     
 -0.791860369052561     
  -4.70885340661158       -10.5041784658802        1.22229119289541     
 -5.571203393506264E-002  -3.48584085422720       -2.11668963918581     
  -11.4501343327600       -3.28236599034499        5.37722305759687     
 -0.513794307560901      -0.186692175816471      -0.621028120449855     
  0.561680972276572     
  -5.11269161257477       -2.06415172260442        2.33388439281697     
   4.42169372940607        3.89155853598401        2.29485958522019     
  -7.82316997283412        3.13068159766807        20.7329790540321     
  0.588786075168183       0.754416488644280       0.181246449787251     
  0.226575470404877     
  -8.72247249244063      -0.395176808273280       -2.68926272148199     
 -0.217962728042850      -0.782853536079860       -2.69657565874369     
   3.78496322747056       -30.2802372468131        5.13742411794533     
  0.121470293427141       9.337688505413221E-002  0.972240610601819     
  0.176844339035308     
  -9.39626529010770        2.08475165431162       -4.56091953448675     
  0.806898291702421      -0.603660493433493       -1.97745984052428     
   9.87896730933353       -27.3057975563737        1.52895933792754     
  0.384147255935913      -0.574644024461039      -0.342512009243597     
  0.636318045031008     
  -2.78946734120683       -4.50644838291488       -3.61947364614489     
 -0.999094882004869        4.41757529378461        1.57129121728608     
   22.1210655185986       -17.0586534180813       -18.3149492025142     
  0.266278898671855       0.164031191612293      -0.247683242527505     
 -0.916974551267022     
  -6.36970156312676        6.48647355778640       -1.12293540353005     
  -1.42041586338675       -7.39932377862073      -0.177902029687831     
   20.2575448140912        5.69191115901762       -23.7840725682470     
 -0.873596705673778       0.431119335053978       0.215432439727112     
 -6.748169152992886E-002
  -3.77682434345609        3.99658880874282       0.307656323277911     
   2.08676123653296       0.222278642170022        5.02828506325329     
  6.359438676273491E-002  -3.22828233391687       -1.84367207259907     
 -0.770049580673551      -0.614160701641689      -4.991707416991452E-003
  0.172642285435410     
  -3.37372802239976        1.92937854974740       -2.01614116648749     
   4.06522237040702        4.80018976283286        1.60570651267270     
  -8.61027032462396       -54.2891831470864       -33.6764921247076     
 -6.934453998961147E-002  0.703835777086119       0.685967396797409     
  0.171041703097200     
